timestamp_ms,datetime_utc,key,value
1772678448736,2026-03-05T02:40:48.736000+00:00,voltage,125.67999999999999
1772678448721,2026-03-05T02:40:48.721000+00:00,current,0.27199999999999996
1772678243442,2026-03-05T02:37:23.442000+00:00,activePower,30.6
1772678258548,2026-03-05T02:37:38.548000+00:00,activePower,30.700000000000003
1772678266161,2026-03-05T02:37:46.161000+00:00,activePower,31.0
1772678287048,2026-03-05T02:38:07.048000+00:00,activePower,30.5
1772678296360,2026-03-05T02:38:16.360000+00:00,activePower,30.400000000000002
1772678311525,2026-03-05T02:38:31.525000+00:00,activePower,30.5
1772678326566,2026-03-05T02:38:46.566000+00:00,activePower,30.799999999999997
1772678348397,2026-03-05T02:39:08.397000+00:00,activePower,30.5
1772678378073,2026-03-05T02:39:38.073000+00:00,activePower,30.6
1772678378123,2026-03-05T02:39:38.123000+00:00,activePower,30.5
1772678386982,2026-03-05T02:39:46.982000+00:00,activePower,30.799999999999997
1772678402078,2026-03-05T02:40:02.078000+00:00,activePower,30.5
1772678417180,2026-03-05T02:40:17.180000+00:00,activePower,30.400000000000002
1772678447358,2026-03-05T02:40:47.358000+00:00,activePower,30.700000000000003
1772678448752,2026-03-05T02:40:48.752000+00:00,activePower,30.700000000000003
1772678468499,2026-03-05T02:41:08.499000+00:00,activePower,30.3
1772678477524,2026-03-05T02:41:17.524000+00:00,activePower,30.2
1772678492625,2026-03-05T02:41:32.625000+00:00,activePower,30.3
1772678507681,2026-03-05T02:41:47.681000+00:00,activePower,31.099999999999998
1772678529034,2026-03-05T02:42:09.034000+00:00,activePower,30.6
1772678537883,2026-03-05T02:42:17.883000+00:00,activePower,30.3
1772678448744,2026-03-05T02:40:48.744000+00:00,reactivePower,0.0
1772678251275,2026-03-05T02:37:31.275000+00:00,apparentPower,33.800000000000004
1772678266155,2026-03-05T02:37:46.155000+00:00,apparentPower,34.0
1772678287184,2026-03-05T02:38:07.184000+00:00,apparentPower,33.7
1772678296354,2026-03-05T02:38:16.354000+00:00,apparentPower,33.6
1772678311520,2026-03-05T02:38:31.520000+00:00,apparentPower,33.7
1772678326561,2026-03-05T02:38:46.561000+00:00,apparentPower,34.099999999999994
1772678341662,2026-03-05T02:39:01.662000+00:00,apparentPower,33.6
1772678356770,2026-03-05T02:39:16.770000+00:00,apparentPower,33.800000000000004
1772678371845,2026-03-05T02:39:31.845000+00:00,apparentPower,33.7
1772678386976,2026-03-05T02:39:46.976000+00:00,apparentPower,34.0
1772678402072,2026-03-05T02:40:02.072000+00:00,apparentPower,33.6
1772678417175,2026-03-05T02:40:17.175000+00:00,apparentPower,33.5
1772678432235,2026-03-05T02:40:32.235000+00:00,apparentPower,33.7
1772678447345,2026-03-05T02:40:47.345000+00:00,apparentPower,33.89999999999999
1772678448704,2026-03-05T02:40:48.704000+00:00,apparentPower,33.89999999999999
1772678462440,2026-03-05T02:41:02.440000+00:00,apparentPower,33.5
1772678477519,2026-03-05T02:41:17.519000+00:00,apparentPower,33.300000000000004
1772678492619,2026-03-05T02:41:32.619000+00:00,apparentPower,33.5
1772678513845,2026-03-05T02:41:53.845000+00:00,apparentPower,34.39999999999999
1772678522822,2026-03-05T02:42:02.822000+00:00,apparentPower,33.800000000000004
1772678537878,2026-03-05T02:42:17.878000+00:00,apparentPower,33.5
1772678258778,2026-03-05T02:37:38.778000+00:00,powerFactor,0.9029999999999999
1772678266303,2026-03-05T02:37:46.303000+00:00,powerFactor,0.9029999999999999
1772678266357,2026-03-05T02:37:46.357000+00:00,powerFactor,0.9029999999999999
1772678267358,2026-03-05T02:37:47.358000+00:00,powerFactor,0.9029999999999999
1772678268359,2026-03-05T02:37:48.359000+00:00,powerFactor,0.9029999999999999
1772678269359,2026-03-05T02:37:49.359000+00:00,powerFactor,0.9029999999999999
1772678277091,2026-03-05T02:37:57.091000+00:00,powerFactor,0.9029999999999999
1772678277160,2026-03-05T02:37:57.160000+00:00,powerFactor,0.9029999999999999
1772678278161,2026-03-05T02:37:58.161000+00:00,powerFactor,0.9029999999999999
1772678279161,2026-03-05T02:37:59.161000+00:00,powerFactor,0.9029999999999999
1772678286819,2026-03-05T02:38:06.819000+00:00,powerFactor,0.9029999999999999
1772678286862,2026-03-05T02:38:06.862000+00:00,powerFactor,0.9029999999999999
1772678287863,2026-03-05T02:38:07.863000+00:00,powerFactor,0.9029999999999999
1772678296365,2026-03-05T02:38:16.365000+00:00,powerFactor,0.9029999999999999
1772678296465,2026-03-05T02:38:16.465000+00:00,powerFactor,0.9029999999999999
1772678304130,2026-03-05T02:38:24.130000+00:00,powerFactor,0.9029999999999999
1772678309459,2026-03-05T02:38:29.459000+00:00,powerFactor,0.9029999999999999
1772678309567,2026-03-05T02:38:29.567000+00:00,powerFactor,0.9029999999999999
1772678310569,2026-03-05T02:38:30.569000+00:00,powerFactor,0.9029999999999999
1772678311569,2026-03-05T02:38:31.569000+00:00,powerFactor,0.9029999999999999
1772678312571,2026-03-05T02:38:32.571000+00:00,powerFactor,0.9029999999999999
1772678313572,2026-03-05T02:38:33.572000+00:00,powerFactor,0.9029999999999999
1772678314574,2026-03-05T02:38:34.574000+00:00,powerFactor,0.9029999999999999
1772678315575,2026-03-05T02:38:35.575000+00:00,powerFactor,0.9029999999999999
1772678316575,2026-03-05T02:38:36.575000+00:00,powerFactor,0.9029999999999999
1772678317576,2026-03-05T02:38:37.576000+00:00,powerFactor,0.9029999999999999
1772678318576,2026-03-05T02:38:38.576000+00:00,powerFactor,0.9029999999999999
1772678319577,2026-03-05T02:38:39.577000+00:00,powerFactor,0.9029999999999999
1772678320578,2026-03-05T02:38:40.578000+00:00,powerFactor,0.9029999999999999
1772678321579,2026-03-05T02:38:41.579000+00:00,powerFactor,0.9029999999999999
1772678322580,2026-03-05T02:38:42.580000+00:00,powerFactor,0.9029999999999999
1772678323581,2026-03-05T02:38:43.581000+00:00,powerFactor,0.9029999999999999
1772678324581,2026-03-05T02:38:44.581000+00:00,powerFactor,0.9029999999999999
1772678325581,2026-03-05T02:38:45.581000+00:00,powerFactor,0.9029999999999999
1772678326582,2026-03-05T02:38:46.582000+00:00,powerFactor,0.9029999999999999
1772678327582,2026-03-05T02:38:47.582000+00:00,powerFactor,0.9029999999999999
1772678328582,2026-03-05T02:38:48.582000+00:00,powerFactor,0.9029999999999999
1772678329581,2026-03-05T02:38:49.581000+00:00,powerFactor,0.9029999999999999
1772678336503,2026-03-05T02:38:56.503000+00:00,powerFactor,0.9029999999999999
1772678343000,2026-03-05T02:39:03+00:00,powerFactor,0.9029999999999999
1772678343083,2026-03-05T02:39:03.083000+00:00,powerFactor,0.9029999999999999
1772678344085,2026-03-05T02:39:04.085000+00:00,powerFactor,0.9029999999999999
1772678345085,2026-03-05T02:39:05.085000+00:00,powerFactor,0.9029999999999999
1772678346084,2026-03-05T02:39:06.084000+00:00,powerFactor,0.9029999999999999
1772678347085,2026-03-05T02:39:07.085000+00:00,powerFactor,0.9029999999999999
1772678348086,2026-03-05T02:39:08.086000+00:00,powerFactor,0.9029999999999999
1772678349087,2026-03-05T02:39:09.087000+00:00,powerFactor,0.9029999999999999
1772678366412,2026-03-05T02:39:26.412000+00:00,powerFactor,0.9029999999999999
1772678366490,2026-03-05T02:39:26.490000+00:00,powerFactor,0.9029999999999999
1772678367491,2026-03-05T02:39:27.491000+00:00,powerFactor,0.9029999999999999
1772678368492,2026-03-05T02:39:28.492000+00:00,powerFactor,0.9029999999999999
1772678369493,2026-03-05T02:39:29.493000+00:00,powerFactor,0.9029999999999999
1772678370494,2026-03-05T02:39:30.494000+00:00,powerFactor,0.9029999999999999
1772678371495,2026-03-05T02:39:31.495000+00:00,powerFactor,0.9029999999999999
1772678372495,2026-03-05T02:39:32.495000+00:00,powerFactor,0.9029999999999999
1772678373496,2026-03-05T02:39:33.496000+00:00,powerFactor,0.9029999999999999
1772678374496,2026-03-05T02:39:34.496000+00:00,powerFactor,0.9029999999999999
1772678375496,2026-03-05T02:39:35.496000+00:00,powerFactor,0.9029999999999999
1772678376496,2026-03-05T02:39:36.496000+00:00,powerFactor,0.9029999999999999
1772678377497,2026-03-05T02:39:37.497000+00:00,powerFactor,0.9029999999999999
1772678378498,2026-03-05T02:39:38.498000+00:00,powerFactor,0.9029999999999999
1772678379500,2026-03-05T02:39:39.500000+00:00,powerFactor,0.9029999999999999
1772678380500,2026-03-05T02:39:40.500000+00:00,powerFactor,0.9029999999999999
1772678381501,2026-03-05T02:39:41.501000+00:00,powerFactor,0.9029999999999999
1772678382503,2026-03-05T02:39:42.503000+00:00,powerFactor,0.9029999999999999
1772678383503,2026-03-05T02:39:43.503000+00:00,powerFactor,0.9029999999999999
1772678384504,2026-03-05T02:39:44.504000+00:00,powerFactor,0.9029999999999999
1772678385505,2026-03-05T02:39:45.505000+00:00,powerFactor,0.9029999999999999
1772678386504,2026-03-05T02:39:46.504000+00:00,powerFactor,0.9029999999999999
1772678387504,2026-03-05T02:39:47.504000+00:00,powerFactor,0.9029999999999999
1772678388504,2026-03-05T02:39:48.504000+00:00,powerFactor,0.9029999999999999
1772678389505,2026-03-05T02:39:49.505000+00:00,powerFactor,0.9029999999999999
1772678390504,2026-03-05T02:39:50.504000+00:00,powerFactor,0.9029999999999999
1772678391504,2026-03-05T02:39:51.504000+00:00,powerFactor,0.9029999999999999
1772678392505,2026-03-05T02:39:52.505000+00:00,powerFactor,0.9029999999999999
1772678393505,2026-03-05T02:39:53.505000+00:00,powerFactor,0.9029999999999999
1772678394506,2026-03-05T02:39:54.506000+00:00,powerFactor,0.9029999999999999
1772678395505,2026-03-05T02:39:55.505000+00:00,powerFactor,0.9029999999999999
1772678396506,2026-03-05T02:39:56.506000+00:00,powerFactor,0.9029999999999999
1772678397506,2026-03-05T02:39:57.506000+00:00,powerFactor,0.9029999999999999
1772678398507,2026-03-05T02:39:58.507000+00:00,powerFactor,0.9029999999999999
1772678406710,2026-03-05T02:40:06.710000+00:00,powerFactor,0.9029999999999999
1772678406809,2026-03-05T02:40:06.809000+00:00,powerFactor,0.9029999999999999
1772678407810,2026-03-05T02:40:07.810000+00:00,powerFactor,0.9029999999999999
1772678408810,2026-03-05T02:40:08.810000+00:00,powerFactor,0.9029999999999999
1772678409811,2026-03-05T02:40:09.811000+00:00,powerFactor,0.9029999999999999
1772678410812,2026-03-05T02:40:10.812000+00:00,powerFactor,0.9029999999999999
1772678411813,2026-03-05T02:40:11.813000+00:00,powerFactor,0.9029999999999999
1772678412814,2026-03-05T02:40:12.814000+00:00,powerFactor,0.9029999999999999
1772678413815,2026-03-05T02:40:13.815000+00:00,powerFactor,0.9029999999999999
1772678422180,2026-03-05T02:40:22.180000+00:00,powerFactor,0.9029999999999999
1772678422217,2026-03-05T02:40:22.217000+00:00,powerFactor,0.9029999999999999
1772678428545,2026-03-05T02:40:28.545000+00:00,powerFactor,0.9029999999999999
1772678428619,2026-03-05T02:40:28.619000+00:00,powerFactor,0.9029999999999999
1772678429620,2026-03-05T02:40:29.620000+00:00,powerFactor,0.9029999999999999
1772678430621,2026-03-05T02:40:30.621000+00:00,powerFactor,0.9029999999999999
1772678431621,2026-03-05T02:40:31.621000+00:00,powerFactor,0.9029999999999999
1772678432621,2026-03-05T02:40:32.621000+00:00,powerFactor,0.9029999999999999
1772678433621,2026-03-05T02:40:33.621000+00:00,powerFactor,0.9029999999999999
1772678434621,2026-03-05T02:40:34.621000+00:00,powerFactor,0.9029999999999999
1772678435622,2026-03-05T02:40:35.622000+00:00,powerFactor,0.9029999999999999
1772678436623,2026-03-05T02:40:36.623000+00:00,powerFactor,0.9029999999999999
1772678437624,2026-03-05T02:40:37.624000+00:00,powerFactor,0.9029999999999999
1772678438625,2026-03-05T02:40:38.625000+00:00,powerFactor,0.9029999999999999
1772678439626,2026-03-05T02:40:39.626000+00:00,powerFactor,0.9029999999999999
1772678440627,2026-03-05T02:40:40.627000+00:00,powerFactor,0.9029999999999999
1772678441628,2026-03-05T02:40:41.628000+00:00,powerFactor,0.9029999999999999
1772678448643,2026-03-05T02:40:48.643000+00:00,powerFactor,0.9029999999999999
1772678449641,2026-03-05T02:40:49.641000+00:00,powerFactor,0.9029999999999999
1772678456969,2026-03-05T02:40:56.969000+00:00,powerFactor,0.9029999999999999
1772678457042,2026-03-05T02:40:57.042000+00:00,powerFactor,0.9029999999999999
1772678458043,2026-03-05T02:40:58.043000+00:00,powerFactor,0.9029999999999999
1772678459044,2026-03-05T02:40:59.044000+00:00,powerFactor,0.9029999999999999
1772678460045,2026-03-05T02:41:00.045000+00:00,powerFactor,0.9029999999999999
1772678461046,2026-03-05T02:41:01.046000+00:00,powerFactor,0.9029999999999999
1772678462047,2026-03-05T02:41:02.047000+00:00,powerFactor,0.9029999999999999
1772678468465,2026-03-05T02:41:08.465000+00:00,powerFactor,0.9029999999999999
1772678468549,2026-03-05T02:41:08.549000+00:00,powerFactor,0.9029999999999999
1772678469550,2026-03-05T02:41:09.550000+00:00,powerFactor,0.9029999999999999
1772678470551,2026-03-05T02:41:10.551000+00:00,powerFactor,0.9029999999999999
1772678471552,2026-03-05T02:41:11.552000+00:00,powerFactor,0.9029999999999999
1772678472553,2026-03-05T02:41:12.553000+00:00,powerFactor,0.9029999999999999
1772678473554,2026-03-05T02:41:13.554000+00:00,powerFactor,0.9029999999999999
1772678474555,2026-03-05T02:41:14.555000+00:00,powerFactor,0.9029999999999999
1772678475556,2026-03-05T02:41:15.556000+00:00,powerFactor,0.9029999999999999
1772678476557,2026-03-05T02:41:16.557000+00:00,powerFactor,0.9029999999999999
1772678483105,2026-03-05T02:41:23.105000+00:00,powerFactor,0.9029999999999999
1772678483159,2026-03-05T02:41:23.159000+00:00,powerFactor,0.9029999999999999
1772678484160,2026-03-05T02:41:24.160000+00:00,powerFactor,0.9029999999999999
1772678485161,2026-03-05T02:41:25.161000+00:00,powerFactor,0.9029999999999999
1772678486162,2026-03-05T02:41:26.162000+00:00,powerFactor,0.9029999999999999
1772678487163,2026-03-05T02:41:27.163000+00:00,powerFactor,0.9029999999999999
1772678488164,2026-03-05T02:41:28.164000+00:00,powerFactor,0.9029999999999999
1772678489165,2026-03-05T02:41:29.165000+00:00,powerFactor,0.9029999999999999
1772678490165,2026-03-05T02:41:30.165000+00:00,powerFactor,0.9029999999999999
1772678496383,2026-03-05T02:41:36.383000+00:00,powerFactor,0.9029999999999999
1772678496466,2026-03-05T02:41:36.466000+00:00,powerFactor,0.9029999999999999
1772678504915,2026-03-05T02:41:44.915000+00:00,powerFactor,0.9029999999999999
1772678504968,2026-03-05T02:41:44.968000+00:00,powerFactor,0.9029999999999999
1772678512142,2026-03-05T02:41:52.142000+00:00,powerFactor,0.9029999999999999
1772678512170,2026-03-05T02:41:52.170000+00:00,powerFactor,0.9029999999999999
1772678513171,2026-03-05T02:41:53.171000+00:00,powerFactor,0.9029999999999999
1772678514172,2026-03-05T02:41:54.172000+00:00,powerFactor,0.9029999999999999
1772678515173,2026-03-05T02:41:55.173000+00:00,powerFactor,0.9029999999999999
1772678516174,2026-03-05T02:41:56.174000+00:00,powerFactor,0.9029999999999999
1772678517175,2026-03-05T02:41:57.175000+00:00,powerFactor,0.9029999999999999
1772678518176,2026-03-05T02:41:58.176000+00:00,powerFactor,0.9029999999999999
1772678519176,2026-03-05T02:41:59.176000+00:00,powerFactor,0.9029999999999999
1772678525551,2026-03-05T02:42:05.551000+00:00,powerFactor,0.9029999999999999
1772678525575,2026-03-05T02:42:05.575000+00:00,powerFactor,0.9029999999999999
1772678526576,2026-03-05T02:42:06.576000+00:00,powerFactor,0.9029999999999999
1772678527576,2026-03-05T02:42:07.576000+00:00,powerFactor,0.9029999999999999
1772678528576,2026-03-05T02:42:08.576000+00:00,powerFactor,0.9029999999999999
1772678529576,2026-03-05T02:42:09.576000+00:00,powerFactor,0.9029999999999999
1772678530576,2026-03-05T02:42:10.576000+00:00,powerFactor,0.9029999999999999
1772678531576,2026-03-05T02:42:11.576000+00:00,powerFactor,0.9029999999999999
1772678532576,2026-03-05T02:42:12.576000+00:00,powerFactor,0.9029999999999999
1772678533576,2026-03-05T02:42:13.576000+00:00,powerFactor,0.9029999999999999
1772678534576,2026-03-05T02:42:14.576000+00:00,powerFactor,0.9029999999999999
1772678535577,2026-03-05T02:42:15.577000+00:00,powerFactor,0.9029999999999999
1772678536577,2026-03-05T02:42:16.577000+00:00,powerFactor,0.9029999999999999
1772678537577,2026-03-05T02:42:17.577000+00:00,powerFactor,0.9029999999999999
1772678538577,2026-03-05T02:42:18.577000+00:00,powerFactor,0.9029999999999999
1772678241588,2026-03-05T02:37:21.588000+00:00,totalActivePower,30.6
1772678241676,2026-03-05T02:37:21.676000+00:00,totalActivePower,30.6
1772678242677,2026-03-05T02:37:22.677000+00:00,totalActivePower,30.6
1772678243678,2026-03-05T02:37:23.678000+00:00,totalActivePower,30.6
1772678244679,2026-03-05T02:37:24.679000+00:00,totalActivePower,30.6
1772678245680,2026-03-05T02:37:25.680000+00:00,totalActivePower,30.6
1772678246681,2026-03-05T02:37:26.681000+00:00,totalActivePower,30.6
1772678247682,2026-03-05T02:37:27.682000+00:00,totalActivePower,30.6
1772678248683,2026-03-05T02:37:28.683000+00:00,totalActivePower,30.6
1772678249686,2026-03-05T02:37:29.686000+00:00,totalActivePower,30.6
1772678250685,2026-03-05T02:37:30.685000+00:00,totalActivePower,30.6
1772678251686,2026-03-05T02:37:31.686000+00:00,totalActivePower,30.6
1772678252687,2026-03-05T02:37:32.687000+00:00,totalActivePower,30.6
1772678253688,2026-03-05T02:37:33.688000+00:00,totalActivePower,30.6
1772678254689,2026-03-05T02:37:34.689000+00:00,totalActivePower,30.6
1772678255690,2026-03-05T02:37:35.690000+00:00,totalActivePower,30.6
1772678256691,2026-03-05T02:37:36.691000+00:00,totalActivePower,30.6
1772678263965,2026-03-05T02:37:43.965000+00:00,totalActivePower,30.6
1772678263993,2026-03-05T02:37:43.993000+00:00,totalActivePower,30.6
1772678264994,2026-03-05T02:37:44.994000+00:00,totalActivePower,30.6
1772678272383,2026-03-05T02:37:52.383000+00:00,totalActivePower,30.6
1772678272495,2026-03-05T02:37:52.495000+00:00,totalActivePower,30.799999999999997
1772678273497,2026-03-05T02:37:53.497000+00:00,totalActivePower,30.799999999999997
1772678274498,2026-03-05T02:37:54.498000+00:00,totalActivePower,30.799999999999997
1772678275499,2026-03-05T02:37:55.499000+00:00,totalActivePower,30.799999999999997
1772678276500,2026-03-05T02:37:56.500000+00:00,totalActivePower,30.799999999999997
1772678277501,2026-03-05T02:37:57.501000+00:00,totalActivePower,30.799999999999997
1772678278502,2026-03-05T02:37:58.502000+00:00,totalActivePower,30.799999999999997
1772678279503,2026-03-05T02:37:59.503000+00:00,totalActivePower,30.799999999999997
1772678280504,2026-03-05T02:38:00.504000+00:00,totalActivePower,30.799999999999997
1772678281505,2026-03-05T02:38:01.505000+00:00,totalActivePower,30.5
1772678282506,2026-03-05T02:38:02.506000+00:00,totalActivePower,30.5
1772678283507,2026-03-05T02:38:03.507000+00:00,totalActivePower,30.5
1772678284508,2026-03-05T02:38:04.508000+00:00,totalActivePower,30.5
1772678285509,2026-03-05T02:38:05.509000+00:00,totalActivePower,30.5
1772678293444,2026-03-05T02:38:13.444000+00:00,totalActivePower,30.5
1772678293511,2026-03-05T02:38:13.511000+00:00,totalActivePower,30.5
1772678294512,2026-03-05T02:38:14.512000+00:00,totalActivePower,30.5
1772678295513,2026-03-05T02:38:15.513000+00:00,totalActivePower,30.5
1772678296514,2026-03-05T02:38:16.514000+00:00,totalActivePower,30.400000000000002
1772678297515,2026-03-05T02:38:17.515000+00:00,totalActivePower,30.400000000000002
1772678303890,2026-03-05T02:38:23.890000+00:00,totalActivePower,30.400000000000002
1772678322652,2026-03-05T02:38:42.652000+00:00,totalActivePower,30.400000000000002
1772678328027,2026-03-05T02:38:48.027000+00:00,totalActivePower,30.5
1772678328119,2026-03-05T02:38:48.119000+00:00,totalActivePower,30.799999999999997
1772678329119,2026-03-05T02:38:49.119000+00:00,totalActivePower,30.799999999999997
1772678330120,2026-03-05T02:38:50.120000+00:00,totalActivePower,30.799999999999997
1772678331121,2026-03-05T02:38:51.121000+00:00,totalActivePower,30.799999999999997
1772678332122,2026-03-05T02:38:52.122000+00:00,totalActivePower,30.799999999999997
1772678333123,2026-03-05T02:38:53.123000+00:00,totalActivePower,30.799999999999997
1772678334124,2026-03-05T02:38:54.124000+00:00,totalActivePower,30.799999999999997
1772678335125,2026-03-05T02:38:55.125000+00:00,totalActivePower,30.799999999999997
1772678336127,2026-03-05T02:38:56.127000+00:00,totalActivePower,30.799999999999997
1772678343304,2026-03-05T02:39:03.304000+00:00,totalActivePower,30.799999999999997
1772678343328,2026-03-05T02:39:03.328000+00:00,totalActivePower,30.5
1772678349960,2026-03-05T02:39:09.960000+00:00,totalActivePower,30.5
1772678356986,2026-03-05T02:39:16.986000+00:00,totalActivePower,30.5
1772678357031,2026-03-05T02:39:17.031000+00:00,totalActivePower,30.5
1772678358032,2026-03-05T02:39:18.032000+00:00,totalActivePower,30.5
1772678359033,2026-03-05T02:39:19.033000+00:00,totalActivePower,30.5
1772678360034,2026-03-05T02:39:20.034000+00:00,totalActivePower,30.5
1772678361035,2026-03-05T02:39:21.035000+00:00,totalActivePower,30.5
1772678362036,2026-03-05T02:39:22.036000+00:00,totalActivePower,30.5
1772678363037,2026-03-05T02:39:23.037000+00:00,totalActivePower,30.5
1772678364038,2026-03-05T02:39:24.038000+00:00,totalActivePower,30.5
1772678365039,2026-03-05T02:39:25.039000+00:00,totalActivePower,30.5
1772678372421,2026-03-05T02:39:32.421000+00:00,totalActivePower,30.5
1772678372442,2026-03-05T02:39:32.442000+00:00,totalActivePower,30.5
1772678373443,2026-03-05T02:39:33.443000+00:00,totalActivePower,30.5
1772678374444,2026-03-05T02:39:34.444000+00:00,totalActivePower,30.5
1772678375445,2026-03-05T02:39:35.445000+00:00,totalActivePower,30.5
1772678376446,2026-03-05T02:39:36.446000+00:00,totalActivePower,30.5
1772678377447,2026-03-05T02:39:37.447000+00:00,totalActivePower,30.5
1772678378448,2026-03-05T02:39:38.448000+00:00,totalActivePower,30.5
1772678379449,2026-03-05T02:39:39.449000+00:00,totalActivePower,30.5
1772678380450,2026-03-05T02:39:40.450000+00:00,totalActivePower,30.5
1772678386947,2026-03-05T02:39:46.947000+00:00,totalActivePower,30.5
1772678392159,2026-03-05T02:39:52.159000+00:00,totalActivePower,30.400000000000002
1772678392263,2026-03-05T02:39:52.263000+00:00,totalActivePower,30.400000000000002
1772678393263,2026-03-05T02:39:53.263000+00:00,totalActivePower,30.400000000000002
1772678394263,2026-03-05T02:39:54.263000+00:00,totalActivePower,30.400000000000002
1772678395263,2026-03-05T02:39:55.263000+00:00,totalActivePower,30.400000000000002
1772678403705,2026-03-05T02:40:03.705000+00:00,totalActivePower,30.400000000000002
1772678403763,2026-03-05T02:40:03.763000+00:00,totalActivePower,30.5
1772678404763,2026-03-05T02:40:04.763000+00:00,totalActivePower,30.5
1772678405763,2026-03-05T02:40:05.763000+00:00,totalActivePower,30.5
1772678406763,2026-03-05T02:40:06.763000+00:00,totalActivePower,30.5
1772678414488,2026-03-05T02:40:14.488000+00:00,totalActivePower,30.5
1772678414563,2026-03-05T02:40:14.563000+00:00,totalActivePower,30.5
1772678415563,2026-03-05T02:40:15.563000+00:00,totalActivePower,30.5
1772678416563,2026-03-05T02:40:16.563000+00:00,totalActivePower,30.5
1772678417563,2026-03-05T02:40:17.563000+00:00,totalActivePower,30.400000000000002
1772678418563,2026-03-05T02:40:18.563000+00:00,totalActivePower,30.400000000000002
1772678419563,2026-03-05T02:40:19.563000+00:00,totalActivePower,30.400000000000002
1772678420563,2026-03-05T02:40:20.563000+00:00,totalActivePower,30.400000000000002
1772678421563,2026-03-05T02:40:21.563000+00:00,totalActivePower,30.400000000000002
1772678422563,2026-03-05T02:40:22.563000+00:00,totalActivePower,30.400000000000002
1772678430346,2026-03-05T02:40:30.346000+00:00,totalActivePower,30.400000000000002
1772678430363,2026-03-05T02:40:30.363000+00:00,totalActivePower,30.400000000000002
1772678431363,2026-03-05T02:40:31.363000+00:00,totalActivePower,30.400000000000002
1772678432363,2026-03-05T02:40:32.363000+00:00,totalActivePower,30.5
1772678433363,2026-03-05T02:40:33.363000+00:00,totalActivePower,30.5
1772678434363,2026-03-05T02:40:34.363000+00:00,totalActivePower,30.5
1772678441828,2026-03-05T02:40:41.828000+00:00,totalActivePower,30.5
1772678448659,2026-03-05T02:40:48.659000+00:00,totalActivePower,30.700000000000003
1772678449659,2026-03-05T02:40:49.659000+00:00,totalActivePower,30.700000000000003
1772678450663,2026-03-05T02:40:50.663000+00:00,totalActivePower,30.700000000000003
1772678451662,2026-03-05T02:40:51.662000+00:00,totalActivePower,30.700000000000003
1772678452663,2026-03-05T02:40:52.663000+00:00,totalActivePower,30.700000000000003
1772678453664,2026-03-05T02:40:53.664000+00:00,totalActivePower,30.700000000000003
1772678454665,2026-03-05T02:40:54.665000+00:00,totalActivePower,30.700000000000003
1772678455666,2026-03-05T02:40:55.666000+00:00,totalActivePower,30.700000000000003
1772678456667,2026-03-05T02:40:56.667000+00:00,totalActivePower,30.700000000000003
1772678457668,2026-03-05T02:40:57.668000+00:00,totalActivePower,30.700000000000003
1772678458669,2026-03-05T02:40:58.669000+00:00,totalActivePower,30.700000000000003
1772678459670,2026-03-05T02:40:59.670000+00:00,totalActivePower,30.700000000000003
1772678460671,2026-03-05T02:41:00.671000+00:00,totalActivePower,30.700000000000003
1772678461672,2026-03-05T02:41:01.672000+00:00,totalActivePower,30.700000000000003
1772678462672,2026-03-05T02:41:02.672000+00:00,totalActivePower,30.3
1772678463672,2026-03-05T02:41:03.672000+00:00,totalActivePower,30.3
1772678464672,2026-03-05T02:41:04.672000+00:00,totalActivePower,30.3
1772678465673,2026-03-05T02:41:05.673000+00:00,totalActivePower,30.3
1772678466674,2026-03-05T02:41:06.674000+00:00,totalActivePower,30.3
1772678467675,2026-03-05T02:41:07.675000+00:00,totalActivePower,30.3
1772678468675,2026-03-05T02:41:08.675000+00:00,totalActivePower,30.3
1772678469675,2026-03-05T02:41:09.675000+00:00,totalActivePower,30.3
1772678470675,2026-03-05T02:41:10.675000+00:00,totalActivePower,30.3
1772678471675,2026-03-05T02:41:11.675000+00:00,totalActivePower,30.3
1772678477728,2026-03-05T02:41:17.728000+00:00,totalActivePower,30.3
1772678477775,2026-03-05T02:41:17.775000+00:00,totalActivePower,30.2
1772678478775,2026-03-05T02:41:18.775000+00:00,totalActivePower,30.2
1772678479775,2026-03-05T02:41:19.775000+00:00,totalActivePower,30.2
1772678480775,2026-03-05T02:41:20.775000+00:00,totalActivePower,30.2
1772678488937,2026-03-05T02:41:28.937000+00:00,totalActivePower,30.2
1772678488975,2026-03-05T02:41:28.975000+00:00,totalActivePower,30.2
1772678489975,2026-03-05T02:41:29.975000+00:00,totalActivePower,30.2
1772678490975,2026-03-05T02:41:30.975000+00:00,totalActivePower,30.2
1772678531763,2026-03-05T02:42:11.763000+00:00,totalActivePower,30.2
1772678531876,2026-03-05T02:42:11.876000+00:00,totalActivePower,30.700000000000003
1772678532876,2026-03-05T02:42:12.876000+00:00,totalActivePower,30.700000000000003
1772678533875,2026-03-05T02:42:13.875000+00:00,totalActivePower,30.700000000000003
1772678534876,2026-03-05T02:42:14.876000+00:00,totalActivePower,30.700000000000003
1772678535877,2026-03-05T02:42:15.877000+00:00,totalActivePower,30.700000000000003
1772678244259,2026-03-05T02:37:24.259000+00:00,totalReactivePower,0.0
1772678244345,2026-03-05T02:37:24.345000+00:00,totalReactivePower,0.0
1772678245345,2026-03-05T02:37:25.345000+00:00,totalReactivePower,0.0
1772678253324,2026-03-05T02:37:33.324000+00:00,totalReactivePower,0.0
1772678253347,2026-03-05T02:37:33.347000+00:00,totalReactivePower,0.0
1772678254347,2026-03-05T02:37:34.347000+00:00,totalReactivePower,0.0
1772678255347,2026-03-05T02:37:35.347000+00:00,totalReactivePower,0.0
1772678256347,2026-03-05T02:37:36.347000+00:00,totalReactivePower,0.0
1772678257347,2026-03-05T02:37:37.347000+00:00,totalReactivePower,0.0
1772678265042,2026-03-05T02:37:45.042000+00:00,totalReactivePower,0.0
1772678265147,2026-03-05T02:37:45.147000+00:00,totalReactivePower,0.0
1772678266150,2026-03-05T02:37:46.150000+00:00,totalReactivePower,0.0
1772678267147,2026-03-05T02:37:47.147000+00:00,totalReactivePower,0.0
1772678268147,2026-03-05T02:37:48.147000+00:00,totalReactivePower,0.0
1772678269147,2026-03-05T02:37:49.147000+00:00,totalReactivePower,0.0
1772678270146,2026-03-05T02:37:50.146000+00:00,totalReactivePower,0.0
1772678271148,2026-03-05T02:37:51.148000+00:00,totalReactivePower,0.0
1772678272148,2026-03-05T02:37:52.148000+00:00,totalReactivePower,0.0
1772678273148,2026-03-05T02:37:53.148000+00:00,totalReactivePower,0.0
1772678274148,2026-03-05T02:37:54.148000+00:00,totalReactivePower,0.0
1772678275148,2026-03-05T02:37:55.148000+00:00,totalReactivePower,0.0
1772678276148,2026-03-05T02:37:56.148000+00:00,totalReactivePower,0.0
1772678277148,2026-03-05T02:37:57.148000+00:00,totalReactivePower,0.0
1772678278149,2026-03-05T02:37:58.149000+00:00,totalReactivePower,0.0
1772678279150,2026-03-05T02:37:59.150000+00:00,totalReactivePower,0.0
1772678280151,2026-03-05T02:38:00.151000+00:00,totalReactivePower,0.0
1772678281152,2026-03-05T02:38:01.152000+00:00,totalReactivePower,0.0
1772678282152,2026-03-05T02:38:02.152000+00:00,totalReactivePower,0.0
1772678283152,2026-03-05T02:38:03.152000+00:00,totalReactivePower,0.0
1772678284152,2026-03-05T02:38:04.152000+00:00,totalReactivePower,0.0
1772678285151,2026-03-05T02:38:05.151000+00:00,totalReactivePower,0.0
1772678286152,2026-03-05T02:38:06.152000+00:00,totalReactivePower,0.0
1772678287152,2026-03-05T02:38:07.152000+00:00,totalReactivePower,0.0
1772678288152,2026-03-05T02:38:08.152000+00:00,totalReactivePower,0.0
1772678289152,2026-03-05T02:38:09.152000+00:00,totalReactivePower,0.0
1772678295771,2026-03-05T02:38:15.771000+00:00,totalReactivePower,0.0
1772678295860,2026-03-05T02:38:15.860000+00:00,totalReactivePower,0.0
1772678296860,2026-03-05T02:38:16.860000+00:00,totalReactivePower,0.0
1772678297861,2026-03-05T02:38:17.861000+00:00,totalReactivePower,0.0
1772678298861,2026-03-05T02:38:18.861000+00:00,totalReactivePower,0.0
1772678299860,2026-03-05T02:38:19.860000+00:00,totalReactivePower,0.0
1772678300861,2026-03-05T02:38:20.861000+00:00,totalReactivePower,0.0
1772678301860,2026-03-05T02:38:21.860000+00:00,totalReactivePower,0.0
1772678302868,2026-03-05T02:38:22.868000+00:00,totalReactivePower,0.0
1772678303868,2026-03-05T02:38:23.868000+00:00,totalReactivePower,0.0
1772678311531,2026-03-05T02:38:31.531000+00:00,totalReactivePower,0.0
1772678311557,2026-03-05T02:38:31.557000+00:00,totalReactivePower,0.0
1772678312558,2026-03-05T02:38:32.558000+00:00,totalReactivePower,0.0
1772678313558,2026-03-05T02:38:33.558000+00:00,totalReactivePower,0.0
1772678314557,2026-03-05T02:38:34.557000+00:00,totalReactivePower,0.0
1772678315557,2026-03-05T02:38:35.557000+00:00,totalReactivePower,0.0
1772678316559,2026-03-05T02:38:36.559000+00:00,totalReactivePower,0.0
1772678317559,2026-03-05T02:38:37.559000+00:00,totalReactivePower,0.0
1772678323843,2026-03-05T02:38:43.843000+00:00,totalReactivePower,0.0
1772678323859,2026-03-05T02:38:43.859000+00:00,totalReactivePower,0.0
1772678331604,2026-03-05T02:38:51.604000+00:00,totalReactivePower,0.0
1772678331660,2026-03-05T02:38:51.660000+00:00,totalReactivePower,0.0
1772678332660,2026-03-05T02:38:52.660000+00:00,totalReactivePower,0.0
1772678333660,2026-03-05T02:38:53.660000+00:00,totalReactivePower,0.0
1772678334661,2026-03-05T02:38:54.661000+00:00,totalReactivePower,0.0
1772678340665,2026-03-05T02:39:00.665000+00:00,totalReactivePower,0.0
1772678340766,2026-03-05T02:39:00.766000+00:00,totalReactivePower,0.0
1772678341767,2026-03-05T02:39:01.767000+00:00,totalReactivePower,0.0
1772678349795,2026-03-05T02:39:09.795000+00:00,totalReactivePower,0.0
1772678349863,2026-03-05T02:39:09.863000+00:00,totalReactivePower,0.0
1772678357718,2026-03-05T02:39:17.718000+00:00,totalReactivePower,0.0
1772678379109,2026-03-05T02:39:39.109000+00:00,totalReactivePower,0.0
1772678379163,2026-03-05T02:39:39.163000+00:00,totalReactivePower,0.0
1772678380164,2026-03-05T02:39:40.164000+00:00,totalReactivePower,0.0
1772678381163,2026-03-05T02:39:41.163000+00:00,totalReactivePower,0.0
1772678382163,2026-03-05T02:39:42.163000+00:00,totalReactivePower,0.0
1772678383163,2026-03-05T02:39:43.163000+00:00,totalReactivePower,0.0
1772678389782,2026-03-05T02:39:49.782000+00:00,totalReactivePower,0.0
1772678389863,2026-03-05T02:39:49.863000+00:00,totalReactivePower,0.0
1772678397229,2026-03-05T02:39:57.229000+00:00,totalReactivePower,0.0
1772678397264,2026-03-05T02:39:57.264000+00:00,totalReactivePower,0.0
1772678398265,2026-03-05T02:39:58.265000+00:00,totalReactivePower,0.0
1772678399266,2026-03-05T02:39:59.266000+00:00,totalReactivePower,0.0
1772678400267,2026-03-05T02:40:00.267000+00:00,totalReactivePower,0.0
1772678401268,2026-03-05T02:40:01.268000+00:00,totalReactivePower,0.0
1772678402269,2026-03-05T02:40:02.269000+00:00,totalReactivePower,0.0
1772678403270,2026-03-05T02:40:03.270000+00:00,totalReactivePower,0.0
1772678404271,2026-03-05T02:40:04.271000+00:00,totalReactivePower,0.0
1772678424994,2026-03-05T02:40:24.994000+00:00,totalReactivePower,0.0
1772678425073,2026-03-05T02:40:25.073000+00:00,totalReactivePower,0.0
1772678426074,2026-03-05T02:40:26.074000+00:00,totalReactivePower,0.0
1772678427074,2026-03-05T02:40:27.074000+00:00,totalReactivePower,0.0
1772678428075,2026-03-05T02:40:28.075000+00:00,totalReactivePower,0.0
1772678435118,2026-03-05T02:40:35.118000+00:00,totalReactivePower,0.0
1772678435177,2026-03-05T02:40:35.177000+00:00,totalReactivePower,0.0
1772678436178,2026-03-05T02:40:36.178000+00:00,totalReactivePower,0.0
1772678437178,2026-03-05T02:40:37.178000+00:00,totalReactivePower,0.0
1772678438178,2026-03-05T02:40:38.178000+00:00,totalReactivePower,0.0
1772678439178,2026-03-05T02:40:39.178000+00:00,totalReactivePower,0.0
1772678440178,2026-03-05T02:40:40.178000+00:00,totalReactivePower,0.0
1772678441178,2026-03-05T02:40:41.178000+00:00,totalReactivePower,0.0
1772678442178,2026-03-05T02:40:42.178000+00:00,totalReactivePower,0.0
1772678448634,2026-03-05T02:40:48.634000+00:00,totalReactivePower,0.0
1772678449635,2026-03-05T02:40:49.635000+00:00,totalReactivePower,0.0
1772678450636,2026-03-05T02:40:50.636000+00:00,totalReactivePower,0.0
1772678458177,2026-03-05T02:40:58.177000+00:00,totalReactivePower,0.0
1772678474072,2026-03-05T02:41:14.072000+00:00,totalReactivePower,0.0
1772678474139,2026-03-05T02:41:14.139000+00:00,totalReactivePower,0.0
1772678475140,2026-03-05T02:41:15.140000+00:00,totalReactivePower,0.0
1772678476141,2026-03-05T02:41:16.141000+00:00,totalReactivePower,0.0
1772678477142,2026-03-05T02:41:17.142000+00:00,totalReactivePower,0.0
1772678478143,2026-03-05T02:41:18.143000+00:00,totalReactivePower,0.0
1772678479144,2026-03-05T02:41:19.144000+00:00,totalReactivePower,0.0
1772678495211,2026-03-05T02:41:35.211000+00:00,totalReactivePower,0.0
1772678495246,2026-03-05T02:41:35.246000+00:00,totalReactivePower,0.0
1772678496247,2026-03-05T02:41:36.247000+00:00,totalReactivePower,0.0
1772678502315,2026-03-05T02:41:42.315000+00:00,totalReactivePower,0.0
1772678502349,2026-03-05T02:41:42.349000+00:00,totalReactivePower,0.0
1772678503350,2026-03-05T02:41:43.350000+00:00,totalReactivePower,0.0
1772678504351,2026-03-05T02:41:44.351000+00:00,totalReactivePower,0.0
1772678505352,2026-03-05T02:41:45.352000+00:00,totalReactivePower,0.0
1772678506353,2026-03-05T02:41:46.353000+00:00,totalReactivePower,0.0
1772678507354,2026-03-05T02:41:47.354000+00:00,totalReactivePower,0.0
1772678508355,2026-03-05T02:41:48.355000+00:00,totalReactivePower,0.0
1772678509356,2026-03-05T02:41:49.356000+00:00,totalReactivePower,0.0
1772678517583,2026-03-05T02:41:57.583000+00:00,totalReactivePower,0.0
1772678517657,2026-03-05T02:41:57.657000+00:00,totalReactivePower,0.0
1772678518658,2026-03-05T02:41:58.658000+00:00,totalReactivePower,0.0
1772678519659,2026-03-05T02:41:59.659000+00:00,totalReactivePower,0.0
1772678520661,2026-03-05T02:42:00.661000+00:00,totalReactivePower,0.0
1772678521662,2026-03-05T02:42:01.662000+00:00,totalReactivePower,0.0
1772678522663,2026-03-05T02:42:02.663000+00:00,totalReactivePower,0.0
1772678523664,2026-03-05T02:42:03.664000+00:00,totalReactivePower,0.0
1772678524665,2026-03-05T02:42:04.665000+00:00,totalReactivePower,0.0
1772678525665,2026-03-05T02:42:05.665000+00:00,totalReactivePower,0.0
1772678526666,2026-03-05T02:42:06.666000+00:00,totalReactivePower,0.0
1772678533663,2026-03-05T02:42:13.663000+00:00,totalReactivePower,0.0
1772678533769,2026-03-05T02:42:13.769000+00:00,totalReactivePower,0.0
1772678534827,2026-03-05T02:42:14.827000+00:00,totalReactivePower,0.0
1772678535771,2026-03-05T02:42:15.771000+00:00,totalReactivePower,0.0
1772678536772,2026-03-05T02:42:16.772000+00:00,totalReactivePower,0.0
1772678250984,2026-03-05T02:37:30.984000+00:00,totalApparentPower,33.800000000000004
1772678251045,2026-03-05T02:37:31.045000+00:00,totalApparentPower,33.800000000000004
1772678252046,2026-03-05T02:37:32.046000+00:00,totalApparentPower,33.800000000000004
1772678270521,2026-03-05T02:37:50.521000+00:00,totalApparentPower,33.800000000000004
1772678270547,2026-03-05T02:37:50.547000+00:00,totalApparentPower,34.0
1772678271548,2026-03-05T02:37:51.548000+00:00,totalApparentPower,34.0
1772678272548,2026-03-05T02:37:52.548000+00:00,totalApparentPower,34.0
1772678273548,2026-03-05T02:37:53.548000+00:00,totalApparentPower,34.0
1772678274548,2026-03-05T02:37:54.548000+00:00,totalApparentPower,34.0
1772678275548,2026-03-05T02:37:55.548000+00:00,totalApparentPower,34.0
1772678276548,2026-03-05T02:37:56.548000+00:00,totalApparentPower,34.0
1772678277549,2026-03-05T02:37:57.549000+00:00,totalApparentPower,34.0
1772678278550,2026-03-05T02:37:58.550000+00:00,totalApparentPower,34.0
1772678279551,2026-03-05T02:37:59.551000+00:00,totalApparentPower,34.0
1772678280552,2026-03-05T02:38:00.552000+00:00,totalApparentPower,34.0
1772678281552,2026-03-05T02:38:01.552000+00:00,totalApparentPower,33.7
1772678282552,2026-03-05T02:38:02.552000+00:00,totalApparentPower,33.7
1772678283551,2026-03-05T02:38:03.551000+00:00,totalApparentPower,33.7
1772678284552,2026-03-05T02:38:04.552000+00:00,totalApparentPower,33.7
1772678292741,2026-03-05T02:38:12.741000+00:00,totalApparentPower,33.7
1772678292853,2026-03-05T02:38:12.853000+00:00,totalApparentPower,33.7
1772678293854,2026-03-05T02:38:13.854000+00:00,totalApparentPower,33.7
1772678294854,2026-03-05T02:38:14.854000+00:00,totalApparentPower,33.7
1772678295854,2026-03-05T02:38:15.854000+00:00,totalApparentPower,33.7
1772678296854,2026-03-05T02:38:16.854000+00:00,totalApparentPower,33.7
1772678297855,2026-03-05T02:38:17.855000+00:00,totalApparentPower,33.7
1772678298855,2026-03-05T02:38:18.855000+00:00,totalApparentPower,33.7
1772678299855,2026-03-05T02:38:19.855000+00:00,totalApparentPower,33.7
1772678300855,2026-03-05T02:38:20.855000+00:00,totalApparentPower,33.7
1772678301855,2026-03-05T02:38:21.855000+00:00,totalApparentPower,33.7
1772678302861,2026-03-05T02:38:22.861000+00:00,totalApparentPower,33.7
1772678303862,2026-03-05T02:38:23.862000+00:00,totalApparentPower,33.7
1772678304862,2026-03-05T02:38:24.862000+00:00,totalApparentPower,33.7
1772678311225,2026-03-05T02:38:31.225000+00:00,totalApparentPower,33.7
1772678311257,2026-03-05T02:38:31.257000+00:00,totalApparentPower,33.7
1772678312257,2026-03-05T02:38:32.257000+00:00,totalApparentPower,33.7
1772678313258,2026-03-05T02:38:33.258000+00:00,totalApparentPower,33.7
1772678321593,2026-03-05T02:38:41.593000+00:00,totalApparentPower,33.7
1772678321658,2026-03-05T02:38:41.658000+00:00,totalApparentPower,33.7
1772678328987,2026-03-05T02:38:48.987000+00:00,totalApparentPower,33.7
1772678329061,2026-03-05T02:38:49.061000+00:00,totalApparentPower,33.7
1772678330060,2026-03-05T02:38:50.060000+00:00,totalApparentPower,33.7
1772678331060,2026-03-05T02:38:51.060000+00:00,totalApparentPower,33.7
1772678332060,2026-03-05T02:38:52.060000+00:00,totalApparentPower,33.7
1772678338740,2026-03-05T02:38:58.740000+00:00,totalApparentPower,33.7
1772678338760,2026-03-05T02:38:58.760000+00:00,totalApparentPower,33.7
1772678339761,2026-03-05T02:38:59.761000+00:00,totalApparentPower,33.7
1772678340761,2026-03-05T02:39:00.761000+00:00,totalApparentPower,33.7
1772678347644,2026-03-05T02:39:07.644000+00:00,totalApparentPower,33.6
1772678347661,2026-03-05T02:39:07.661000+00:00,totalApparentPower,33.6
1772678450711,2026-03-05T02:40:50.711000+00:00,totalApparentPower,33.7
1772678451711,2026-03-05T02:40:51.711000+00:00,totalApparentPower,33.7
1772678452713,2026-03-05T02:40:52.713000+00:00,totalApparentPower,33.7
1772678459186,2026-03-05T02:40:59.186000+00:00,totalApparentPower,33.7
1772678479596,2026-03-05T02:41:19.596000+00:00,totalApparentPower,33.7
1772678479616,2026-03-05T02:41:19.616000+00:00,totalApparentPower,33.7
1772678480616,2026-03-05T02:41:20.616000+00:00,totalApparentPower,33.7
1772678481616,2026-03-05T02:41:21.616000+00:00,totalApparentPower,33.7
1772678482616,2026-03-05T02:41:22.616000+00:00,totalApparentPower,33.7
1772678483616,2026-03-05T02:41:23.616000+00:00,totalApparentPower,33.7
1772678484617,2026-03-05T02:41:24.617000+00:00,totalApparentPower,33.7
1772678485618,2026-03-05T02:41:25.618000+00:00,totalApparentPower,33.7
1772678494047,2026-03-05T02:41:34.047000+00:00,totalApparentPower,33.7
1772678494120,2026-03-05T02:41:34.120000+00:00,totalApparentPower,33.7
1772678495120,2026-03-05T02:41:35.120000+00:00,totalApparentPower,33.7
1772678501977,2026-03-05T02:41:41.977000+00:00,totalApparentPower,33.7
1772678502021,2026-03-05T02:41:42.021000+00:00,totalApparentPower,33.7
1772678503021,2026-03-05T02:41:43.021000+00:00,totalApparentPower,33.7
1772678504021,2026-03-05T02:41:44.021000+00:00,totalApparentPower,33.7
1772678505022,2026-03-05T02:41:45.022000+00:00,totalApparentPower,33.7
1772678506022,2026-03-05T02:41:46.022000+00:00,totalApparentPower,33.7
1772678507022,2026-03-05T02:41:47.022000+00:00,totalApparentPower,33.7
1772678508022,2026-03-05T02:41:48.022000+00:00,totalApparentPower,34.0
1772678509022,2026-03-05T02:41:49.022000+00:00,totalApparentPower,34.0
1772678510022,2026-03-05T02:41:50.022000+00:00,totalApparentPower,34.0
1772678516587,2026-03-05T02:41:56.587000+00:00,totalApparentPower,34.0
1772678516621,2026-03-05T02:41:56.621000+00:00,totalApparentPower,34.0
1772678517623,2026-03-05T02:41:57.623000+00:00,totalApparentPower,34.0
1772678518624,2026-03-05T02:41:58.624000+00:00,totalApparentPower,34.0
1772678519625,2026-03-05T02:41:59.625000+00:00,totalApparentPower,34.0
1772678520626,2026-03-05T02:42:00.626000+00:00,totalApparentPower,34.0
1772678528134,2026-03-05T02:42:08.134000+00:00,totalApparentPower,34.0
1772678528228,2026-03-05T02:42:08.228000+00:00,totalApparentPower,33.800000000000004
1772678529229,2026-03-05T02:42:09.229000+00:00,totalApparentPower,33.800000000000004
1772678530230,2026-03-05T02:42:10.230000+00:00,totalApparentPower,33.800000000000004
1772678531231,2026-03-05T02:42:11.231000+00:00,totalApparentPower,33.800000000000004
1772678532232,2026-03-05T02:42:12.232000+00:00,totalApparentPower,33.800000000000004
1772678533233,2026-03-05T02:42:13.233000+00:00,totalApparentPower,33.800000000000004
1772678534234,2026-03-05T02:42:14.234000+00:00,totalApparentPower,33.800000000000004
1772678243551,2026-03-05T02:37:23.551000+00:00,totalPowerFactor,0.9029999999999999
1772678249862,2026-03-05T02:37:29.862000+00:00,totalPowerFactor,0.9029999999999999
1772678249945,2026-03-05T02:37:29.945000+00:00,totalPowerFactor,0.9029999999999999
1772678250945,2026-03-05T02:37:30.945000+00:00,totalPowerFactor,0.9029999999999999
1772678251946,2026-03-05T02:37:31.946000+00:00,totalPowerFactor,0.9029999999999999
1772678252946,2026-03-05T02:37:32.946000+00:00,totalPowerFactor,0.9029999999999999
1772678253947,2026-03-05T02:37:33.947000+00:00,totalPowerFactor,0.9029999999999999
1772678254947,2026-03-05T02:37:34.947000+00:00,totalPowerFactor,0.9029999999999999
1772678255947,2026-03-05T02:37:35.947000+00:00,totalPowerFactor,0.9029999999999999
1772678256947,2026-03-05T02:37:36.947000+00:00,totalPowerFactor,0.9029999999999999
1772678257947,2026-03-05T02:37:37.947000+00:00,totalPowerFactor,0.9029999999999999
1772678258947,2026-03-05T02:37:38.947000+00:00,totalPowerFactor,0.9029999999999999
1772678259947,2026-03-05T02:37:39.947000+00:00,totalPowerFactor,0.9029999999999999
1772678260947,2026-03-05T02:37:40.947000+00:00,totalPowerFactor,0.9029999999999999
1772678261947,2026-03-05T02:37:41.947000+00:00,totalPowerFactor,0.9029999999999999
1772678262947,2026-03-05T02:37:42.947000+00:00,totalPowerFactor,0.9029999999999999
1772678263947,2026-03-05T02:37:43.947000+00:00,totalPowerFactor,0.9029999999999999
1772678264947,2026-03-05T02:37:44.947000+00:00,totalPowerFactor,0.9029999999999999
1772678265947,2026-03-05T02:37:45.947000+00:00,totalPowerFactor,0.9029999999999999
1772678266947,2026-03-05T02:37:46.947000+00:00,totalPowerFactor,0.9029999999999999
1772678267947,2026-03-05T02:37:47.947000+00:00,totalPowerFactor,0.9029999999999999
1772678268947,2026-03-05T02:37:48.947000+00:00,totalPowerFactor,0.9029999999999999
1772678269947,2026-03-05T02:37:49.947000+00:00,totalPowerFactor,0.9029999999999999
1772678270948,2026-03-05T02:37:50.948000+00:00,totalPowerFactor,0.9029999999999999
1772678271948,2026-03-05T02:37:51.948000+00:00,totalPowerFactor,0.9029999999999999
1772678272948,2026-03-05T02:37:52.948000+00:00,totalPowerFactor,0.9029999999999999
1772678273948,2026-03-05T02:37:53.948000+00:00,totalPowerFactor,0.9029999999999999
1772678274948,2026-03-05T02:37:54.948000+00:00,totalPowerFactor,0.9029999999999999
1772678275948,2026-03-05T02:37:55.948000+00:00,totalPowerFactor,0.9029999999999999
1772678276948,2026-03-05T02:37:56.948000+00:00,totalPowerFactor,0.9029999999999999
1772678277949,2026-03-05T02:37:57.949000+00:00,totalPowerFactor,0.9029999999999999
1772678278950,2026-03-05T02:37:58.950000+00:00,totalPowerFactor,0.9029999999999999
1772678279951,2026-03-05T02:37:59.951000+00:00,totalPowerFactor,0.9029999999999999
1772678280952,2026-03-05T02:38:00.952000+00:00,totalPowerFactor,0.9029999999999999
1772678281952,2026-03-05T02:38:01.952000+00:00,totalPowerFactor,0.9029999999999999
1772678282952,2026-03-05T02:38:02.952000+00:00,totalPowerFactor,0.9029999999999999
1772678283952,2026-03-05T02:38:03.952000+00:00,totalPowerFactor,0.9029999999999999
1772678284952,2026-03-05T02:38:04.952000+00:00,totalPowerFactor,0.9029999999999999
1772678285952,2026-03-05T02:38:05.952000+00:00,totalPowerFactor,0.9029999999999999
1772678286953,2026-03-05T02:38:06.953000+00:00,totalPowerFactor,0.9029999999999999
1772678287953,2026-03-05T02:38:07.953000+00:00,totalPowerFactor,0.9029999999999999
1772678288953,2026-03-05T02:38:08.953000+00:00,totalPowerFactor,0.9029999999999999
1772678289953,2026-03-05T02:38:09.953000+00:00,totalPowerFactor,0.9029999999999999
1772678290953,2026-03-05T02:38:10.953000+00:00,totalPowerFactor,0.9029999999999999
1772678291953,2026-03-05T02:38:11.953000+00:00,totalPowerFactor,0.9029999999999999
1772678292954,2026-03-05T02:38:12.954000+00:00,totalPowerFactor,0.9029999999999999
1772678293954,2026-03-05T02:38:13.954000+00:00,totalPowerFactor,0.9029999999999999
1772678294954,2026-03-05T02:38:14.954000+00:00,totalPowerFactor,0.9029999999999999
1772678295954,2026-03-05T02:38:15.954000+00:00,totalPowerFactor,0.9029999999999999
1772678302743,2026-03-05T02:38:22.743000+00:00,totalPowerFactor,0.9029999999999999
1772678302855,2026-03-05T02:38:22.855000+00:00,totalPowerFactor,0.9029999999999999
1772678303857,2026-03-05T02:38:23.857000+00:00,totalPowerFactor,0.9029999999999999
1772678304857,2026-03-05T02:38:24.857000+00:00,totalPowerFactor,0.9029999999999999
1772678305856,2026-03-05T02:38:25.856000+00:00,totalPowerFactor,0.9029999999999999
1772678306856,2026-03-05T02:38:26.856000+00:00,totalPowerFactor,0.9029999999999999
1772678307857,2026-03-05T02:38:27.857000+00:00,totalPowerFactor,0.9029999999999999
1772678308857,2026-03-05T02:38:28.857000+00:00,totalPowerFactor,0.9029999999999999
1772678316175,2026-03-05T02:38:36.175000+00:00,totalPowerFactor,0.9029999999999999
1772678316257,2026-03-05T02:38:36.257000+00:00,totalPowerFactor,0.9029999999999999
1772678323660,2026-03-05T02:38:43.660000+00:00,totalPowerFactor,0.9029999999999999
1772678323760,2026-03-05T02:38:43.760000+00:00,totalPowerFactor,0.9029999999999999
1772678331284,2026-03-05T02:38:51.284000+00:00,totalPowerFactor,0.9029999999999999
1772678336971,2026-03-05T02:38:56.971000+00:00,totalPowerFactor,0.9029999999999999
1772678337060,2026-03-05T02:38:57.060000+00:00,totalPowerFactor,0.9029999999999999
1772678338060,2026-03-05T02:38:58.060000+00:00,totalPowerFactor,0.9029999999999999
1772678339060,2026-03-05T02:38:59.060000+00:00,totalPowerFactor,0.9029999999999999
1772678345994,2026-03-05T02:39:05.994000+00:00,totalPowerFactor,0.9029999999999999
1772678346060,2026-03-05T02:39:06.060000+00:00,totalPowerFactor,0.9029999999999999
1772678347060,2026-03-05T02:39:07.060000+00:00,totalPowerFactor,0.9029999999999999
1772678348060,2026-03-05T02:39:08.060000+00:00,totalPowerFactor,0.9029999999999999
1772678349061,2026-03-05T02:39:09.061000+00:00,totalPowerFactor,0.9029999999999999
1772678350062,2026-03-05T02:39:10.062000+00:00,totalPowerFactor,0.9029999999999999
1772678351061,2026-03-05T02:39:11.061000+00:00,totalPowerFactor,0.9029999999999999
1772678352061,2026-03-05T02:39:12.061000+00:00,totalPowerFactor,0.9029999999999999
1772678353061,2026-03-05T02:39:13.061000+00:00,totalPowerFactor,0.9029999999999999
1772678354063,2026-03-05T02:39:14.063000+00:00,totalPowerFactor,0.9029999999999999
1772678355063,2026-03-05T02:39:15.063000+00:00,totalPowerFactor,0.9029999999999999
1772678356063,2026-03-05T02:39:16.063000+00:00,totalPowerFactor,0.9029999999999999
1772678362732,2026-03-05T02:39:22.732000+00:00,totalPowerFactor,0.9029999999999999
1772678362764,2026-03-05T02:39:22.764000+00:00,totalPowerFactor,0.9029999999999999
1772678369074,2026-03-05T02:39:29.074000+00:00,totalPowerFactor,0.9029999999999999
1772678369165,2026-03-05T02:39:29.165000+00:00,totalPowerFactor,0.9029999999999999
1772678377209,2026-03-05T02:39:37.209000+00:00,totalPowerFactor,0.9029999999999999
1772678377269,2026-03-05T02:39:37.269000+00:00,totalPowerFactor,0.9029999999999999
1772678378269,2026-03-05T02:39:38.269000+00:00,totalPowerFactor,0.9029999999999999
1772678379270,2026-03-05T02:39:39.270000+00:00,totalPowerFactor,0.9029999999999999
1772678386252,2026-03-05T02:39:46.252000+00:00,totalPowerFactor,0.9029999999999999
1772678386275,2026-03-05T02:39:46.275000+00:00,totalPowerFactor,0.9029999999999999
1772678387272,2026-03-05T02:39:47.272000+00:00,totalPowerFactor,0.9029999999999999
1772678388273,2026-03-05T02:39:48.273000+00:00,totalPowerFactor,0.9029999999999999
1772678389274,2026-03-05T02:39:49.274000+00:00,totalPowerFactor,0.9029999999999999
1772678390275,2026-03-05T02:39:50.275000+00:00,totalPowerFactor,0.9029999999999999
1772678391276,2026-03-05T02:39:51.276000+00:00,totalPowerFactor,0.9029999999999999
1772678392279,2026-03-05T02:39:52.279000+00:00,totalPowerFactor,0.9029999999999999
1772678398668,2026-03-05T02:39:58.668000+00:00,totalPowerFactor,0.9029999999999999
1772678398779,2026-03-05T02:39:58.779000+00:00,totalPowerFactor,0.9029999999999999
1772678399780,2026-03-05T02:39:59.780000+00:00,totalPowerFactor,0.9029999999999999
1772678400781,2026-03-05T02:40:00.781000+00:00,totalPowerFactor,0.9029999999999999
1772678407756,2026-03-05T02:40:07.756000+00:00,totalPowerFactor,0.9029999999999999
1772678407783,2026-03-05T02:40:07.783000+00:00,totalPowerFactor,0.9029999999999999
1772678408784,2026-03-05T02:40:08.784000+00:00,totalPowerFactor,0.9029999999999999
1772678409785,2026-03-05T02:40:09.785000+00:00,totalPowerFactor,0.9029999999999999
1772678410786,2026-03-05T02:40:10.786000+00:00,totalPowerFactor,0.9029999999999999
1772678411787,2026-03-05T02:40:11.787000+00:00,totalPowerFactor,0.9029999999999999
1772678412788,2026-03-05T02:40:12.788000+00:00,totalPowerFactor,0.9029999999999999
1772678419572,2026-03-05T02:40:19.572000+00:00,totalPowerFactor,0.9029999999999999
1772678419589,2026-03-05T02:40:19.589000+00:00,totalPowerFactor,0.9029999999999999
1772678420590,2026-03-05T02:40:20.590000+00:00,totalPowerFactor,0.9029999999999999
1772678421591,2026-03-05T02:40:21.591000+00:00,totalPowerFactor,0.9029999999999999
1772678422592,2026-03-05T02:40:22.592000+00:00,totalPowerFactor,0.9029999999999999
1772678423593,2026-03-05T02:40:23.593000+00:00,totalPowerFactor,0.9029999999999999
1772678424594,2026-03-05T02:40:24.594000+00:00,totalPowerFactor,0.9029999999999999
1772678425595,2026-03-05T02:40:25.595000+00:00,totalPowerFactor,0.9029999999999999
1772678426596,2026-03-05T02:40:26.596000+00:00,totalPowerFactor,0.9029999999999999
1772678427597,2026-03-05T02:40:27.597000+00:00,totalPowerFactor,0.9029999999999999
1772678435216,2026-03-05T02:40:35.216000+00:00,totalPowerFactor,0.9029999999999999
1772678435299,2026-03-05T02:40:35.299000+00:00,totalPowerFactor,0.9029999999999999
1772678436300,2026-03-05T02:40:36.300000+00:00,totalPowerFactor,0.9029999999999999
1772678437301,2026-03-05T02:40:37.301000+00:00,totalPowerFactor,0.9029999999999999
1772678445472,2026-03-05T02:40:45.472000+00:00,totalPowerFactor,0.9029999999999999
1772678445503,2026-03-05T02:40:45.503000+00:00,totalPowerFactor,0.9029999999999999
1772678448604,2026-03-05T02:40:48.604000+00:00,totalPowerFactor,0.9029999999999999
1772678449602,2026-03-05T02:40:49.602000+00:00,totalPowerFactor,0.9029999999999999
1772678450603,2026-03-05T02:40:50.603000+00:00,totalPowerFactor,0.9029999999999999
1772678451614,2026-03-05T02:40:51.614000+00:00,totalPowerFactor,0.9029999999999999
1772678452607,2026-03-05T02:40:52.607000+00:00,totalPowerFactor,0.9029999999999999
1772678453609,2026-03-05T02:40:53.609000+00:00,totalPowerFactor,0.9029999999999999
1772678454610,2026-03-05T02:40:54.610000+00:00,totalPowerFactor,0.9029999999999999
1772678455611,2026-03-05T02:40:55.611000+00:00,totalPowerFactor,0.9029999999999999
1772678456612,2026-03-05T02:40:56.612000+00:00,totalPowerFactor,0.9029999999999999
1772678457613,2026-03-05T02:40:57.613000+00:00,totalPowerFactor,0.9029999999999999
1772678458614,2026-03-05T02:40:58.614000+00:00,totalPowerFactor,0.9029999999999999
1772678459615,2026-03-05T02:40:59.615000+00:00,totalPowerFactor,0.9029999999999999
1772678460615,2026-03-05T02:41:00.615000+00:00,totalPowerFactor,0.9029999999999999
1772678461615,2026-03-05T02:41:01.615000+00:00,totalPowerFactor,0.9029999999999999
1772678462615,2026-03-05T02:41:02.615000+00:00,totalPowerFactor,0.9029999999999999
1772678463615,2026-03-05T02:41:03.615000+00:00,totalPowerFactor,0.9029999999999999
1772678464615,2026-03-05T02:41:04.615000+00:00,totalPowerFactor,0.9029999999999999
1772678465615,2026-03-05T02:41:05.615000+00:00,totalPowerFactor,0.9029999999999999
1772678466615,2026-03-05T02:41:06.615000+00:00,totalPowerFactor,0.9029999999999999
1772678467615,2026-03-05T02:41:07.615000+00:00,totalPowerFactor,0.9029999999999999
1772678468615,2026-03-05T02:41:08.615000+00:00,totalPowerFactor,0.9029999999999999
1772678469615,2026-03-05T02:41:09.615000+00:00,totalPowerFactor,0.9029999999999999
1772678470615,2026-03-05T02:41:10.615000+00:00,totalPowerFactor,0.9029999999999999
1772678471615,2026-03-05T02:41:11.615000+00:00,totalPowerFactor,0.9029999999999999
1772678472615,2026-03-05T02:41:12.615000+00:00,totalPowerFactor,0.9029999999999999
1772678473615,2026-03-05T02:41:13.615000+00:00,totalPowerFactor,0.9029999999999999
1772678481860,2026-03-05T02:41:21.860000+00:00,totalPowerFactor,0.9029999999999999
1772678481917,2026-03-05T02:41:21.917000+00:00,totalPowerFactor,0.9029999999999999
1772678482918,2026-03-05T02:41:22.918000+00:00,totalPowerFactor,0.9029999999999999
1772678489235,2026-03-05T02:41:29.235000+00:00,totalPowerFactor,0.9029999999999999
1772678489319,2026-03-05T02:41:29.319000+00:00,totalPowerFactor,0.9029999999999999
1772678490319,2026-03-05T02:41:30.319000+00:00,totalPowerFactor,0.9029999999999999
1772678491319,2026-03-05T02:41:31.319000+00:00,totalPowerFactor,0.9029999999999999
1772678492319,2026-03-05T02:41:32.319000+00:00,totalPowerFactor,0.9029999999999999
1772678498954,2026-03-05T02:41:38.954000+00:00,totalPowerFactor,0.9029999999999999
1772678504719,2026-03-05T02:41:44.719000+00:00,totalPowerFactor,0.9029999999999999
1772678504821,2026-03-05T02:41:44.821000+00:00,totalPowerFactor,0.9029999999999999
1772678512769,2026-03-05T02:41:52.769000+00:00,totalPowerFactor,0.9029999999999999
1772678512822,2026-03-05T02:41:52.822000+00:00,totalPowerFactor,0.9029999999999999
1772678513822,2026-03-05T02:41:53.822000+00:00,totalPowerFactor,0.9029999999999999
1772678514822,2026-03-05T02:41:54.822000+00:00,totalPowerFactor,0.9029999999999999
1772678515822,2026-03-05T02:41:55.822000+00:00,totalPowerFactor,0.9029999999999999
1772678536964,2026-03-05T02:42:16.964000+00:00,totalPowerFactor,0.9029999999999999
1772678537024,2026-03-05T02:42:17.024000+00:00,totalPowerFactor,0.9029999999999999
1772678538024,2026-03-05T02:42:18.024000+00:00,totalPowerFactor,0.9029999999999999
1772678341668,2026-03-05T02:39:01.668000+00:00,activeEnergy,57991.0
1772678447350,2026-03-05T02:40:47.350000+00:00,activeEnergy,57992.0
1772678451452,2026-03-05T02:40:51.452000+00:00,activeEnergy,57992.0
1772678238801,2026-03-05T02:37:18.801000+00:00,reactiveEnergy,7713.0
1772678238847,2026-03-05T02:37:18.847000+00:00,reactiveEnergy,7713.0
1772678239848,2026-03-05T02:37:19.848000+00:00,reactiveEnergy,7713.0
1772678240849,2026-03-05T02:37:20.849000+00:00,reactiveEnergy,7713.0
1772678241850,2026-03-05T02:37:21.850000+00:00,reactiveEnergy,7713.0
1772678242851,2026-03-05T02:37:22.851000+00:00,reactiveEnergy,7713.0
1772678249676,2026-03-05T02:37:29.676000+00:00,reactiveEnergy,7713.0
1772678249753,2026-03-05T02:37:29.753000+00:00,reactiveEnergy,7713.0
1772678255760,2026-03-05T02:37:35.760000+00:00,reactiveEnergy,7713.0
1772678261176,2026-03-05T02:37:41.176000+00:00,reactiveEnergy,7713.0
1772678261256,2026-03-05T02:37:41.256000+00:00,reactiveEnergy,7713.0
1772678262257,2026-03-05T02:37:42.257000+00:00,reactiveEnergy,7713.0
1772678263257,2026-03-05T02:37:43.257000+00:00,reactiveEnergy,7713.0
1772678264257,2026-03-05T02:37:44.257000+00:00,reactiveEnergy,7713.0
1772678265257,2026-03-05T02:37:45.257000+00:00,reactiveEnergy,7713.0
1772678266257,2026-03-05T02:37:46.257000+00:00,reactiveEnergy,7713.0
1772678272846,2026-03-05T02:37:52.846000+00:00,reactiveEnergy,7713.0
1772678272959,2026-03-05T02:37:52.959000+00:00,reactiveEnergy,7713.0
1772678281279,2026-03-05T02:38:01.279000+00:00,reactiveEnergy,7713.0
1772678281365,2026-03-05T02:38:01.365000+00:00,reactiveEnergy,7713.0
1772678282362,2026-03-05T02:38:02.362000+00:00,reactiveEnergy,7713.0
1772678283362,2026-03-05T02:38:03.362000+00:00,reactiveEnergy,7713.0
1772678284361,2026-03-05T02:38:04.361000+00:00,reactiveEnergy,7713.0
1772678285362,2026-03-05T02:38:05.362000+00:00,reactiveEnergy,7713.0
1772678286362,2026-03-05T02:38:06.362000+00:00,reactiveEnergy,7713.0
1772678287362,2026-03-05T02:38:07.362000+00:00,reactiveEnergy,7713.0
1772678288363,2026-03-05T02:38:08.363000+00:00,reactiveEnergy,7713.0
1772678289365,2026-03-05T02:38:09.365000+00:00,reactiveEnergy,7713.0
1772678296097,2026-03-05T02:38:16.097000+00:00,reactiveEnergy,7713.0
1772678296165,2026-03-05T02:38:16.165000+00:00,reactiveEnergy,7713.0
1772678297166,2026-03-05T02:38:17.166000+00:00,reactiveEnergy,7713.0
1772678298166,2026-03-05T02:38:18.166000+00:00,reactiveEnergy,7713.0
1772678299166,2026-03-05T02:38:19.166000+00:00,reactiveEnergy,7713.0
1772678306666,2026-03-05T02:38:26.666000+00:00,reactiveEnergy,7713.0
1772678306768,2026-03-05T02:38:26.768000+00:00,reactiveEnergy,7713.0
1772678307768,2026-03-05T02:38:27.768000+00:00,reactiveEnergy,7713.0
1772678308768,2026-03-05T02:38:28.768000+00:00,reactiveEnergy,7713.0
1772678309769,2026-03-05T02:38:29.769000+00:00,reactiveEnergy,7713.0
1772678310770,2026-03-05T02:38:30.770000+00:00,reactiveEnergy,7713.0
1772678311770,2026-03-05T02:38:31.770000+00:00,reactiveEnergy,7713.0
1772678312773,2026-03-05T02:38:32.773000+00:00,reactiveEnergy,7713.0
1772678313773,2026-03-05T02:38:33.773000+00:00,reactiveEnergy,7713.0
1772678314775,2026-03-05T02:38:34.775000+00:00,reactiveEnergy,7713.0
1772678315775,2026-03-05T02:38:35.775000+00:00,reactiveEnergy,7713.0
1772678316777,2026-03-05T02:38:36.777000+00:00,reactiveEnergy,7713.0
1772678317777,2026-03-05T02:38:37.777000+00:00,reactiveEnergy,7713.0
1772678318779,2026-03-05T02:38:38.779000+00:00,reactiveEnergy,7713.0
1772678325850,2026-03-05T02:38:45.850000+00:00,reactiveEnergy,7713.0
1772678333167,2026-03-05T02:38:53.167000+00:00,reactiveEnergy,7713.0
1772678333281,2026-03-05T02:38:53.281000+00:00,reactiveEnergy,7713.0
1772678334282,2026-03-05T02:38:54.282000+00:00,reactiveEnergy,7713.0
1772678335282,2026-03-05T02:38:55.282000+00:00,reactiveEnergy,7713.0
1772678336282,2026-03-05T02:38:56.282000+00:00,reactiveEnergy,7713.0
1772678342887,2026-03-05T02:39:02.887000+00:00,reactiveEnergy,7713.0
1772678349252,2026-03-05T02:39:09.252000+00:00,reactiveEnergy,7713.0
1772678349285,2026-03-05T02:39:09.285000+00:00,reactiveEnergy,7713.0
1772678350287,2026-03-05T02:39:10.287000+00:00,reactiveEnergy,7713.0
1772678351287,2026-03-05T02:39:11.287000+00:00,reactiveEnergy,7713.0
1772678352288,2026-03-05T02:39:12.288000+00:00,reactiveEnergy,7713.0
1772678353290,2026-03-05T02:39:13.290000+00:00,reactiveEnergy,7713.0
1772678354289,2026-03-05T02:39:14.289000+00:00,reactiveEnergy,7713.0
1772678355291,2026-03-05T02:39:15.291000+00:00,reactiveEnergy,7713.0
1772678356289,2026-03-05T02:39:16.289000+00:00,reactiveEnergy,7713.0
1772678357289,2026-03-05T02:39:17.289000+00:00,reactiveEnergy,7713.0
1772678363391,2026-03-05T02:39:23.391000+00:00,reactiveEnergy,7713.0
1772678363489,2026-03-05T02:39:23.489000+00:00,reactiveEnergy,7713.0
1772678364489,2026-03-05T02:39:24.489000+00:00,reactiveEnergy,7713.0
1772678365489,2026-03-05T02:39:25.489000+00:00,reactiveEnergy,7713.0
1772678366495,2026-03-05T02:39:26.495000+00:00,reactiveEnergy,7713.0
1772678367497,2026-03-05T02:39:27.497000+00:00,reactiveEnergy,7713.0
1772678368497,2026-03-05T02:39:28.497000+00:00,reactiveEnergy,7713.0
1772678369498,2026-03-05T02:39:29.498000+00:00,reactiveEnergy,7713.0
1772678370499,2026-03-05T02:39:30.499000+00:00,reactiveEnergy,7713.0
1772678377326,2026-03-05T02:39:37.326000+00:00,reactiveEnergy,7713.0
1772678377396,2026-03-05T02:39:37.396000+00:00,reactiveEnergy,7713.0
1772678378397,2026-03-05T02:39:38.397000+00:00,reactiveEnergy,7713.0
1772678379398,2026-03-05T02:39:39.398000+00:00,reactiveEnergy,7713.0
1772678380399,2026-03-05T02:39:40.399000+00:00,reactiveEnergy,7713.0
1772678381400,2026-03-05T02:39:41.400000+00:00,reactiveEnergy,7713.0
1772678382401,2026-03-05T02:39:42.401000+00:00,reactiveEnergy,7713.0
1772678383402,2026-03-05T02:39:43.402000+00:00,reactiveEnergy,7713.0
1772678391729,2026-03-05T02:39:51.729000+00:00,reactiveEnergy,7713.0
1772678397103,2026-03-05T02:39:57.103000+00:00,reactiveEnergy,7713.0
1772678397205,2026-03-05T02:39:57.205000+00:00,reactiveEnergy,7713.0
1772678398206,2026-03-05T02:39:58.206000+00:00,reactiveEnergy,7713.0
1772678399207,2026-03-05T02:39:59.207000+00:00,reactiveEnergy,7713.0
1772678400208,2026-03-05T02:40:00.208000+00:00,reactiveEnergy,7713.0
1772678401209,2026-03-05T02:40:01.209000+00:00,reactiveEnergy,7713.0
1772678409623,2026-03-05T02:40:09.623000+00:00,reactiveEnergy,7713.0
1772678409710,2026-03-05T02:40:09.710000+00:00,reactiveEnergy,7713.0
1772678410711,2026-03-05T02:40:10.711000+00:00,reactiveEnergy,7713.0
1772678411712,2026-03-05T02:40:11.712000+00:00,reactiveEnergy,7713.0
1772678412713,2026-03-05T02:40:12.713000+00:00,reactiveEnergy,7713.0
1772678413714,2026-03-05T02:40:13.714000+00:00,reactiveEnergy,7713.0
1772678414715,2026-03-05T02:40:14.715000+00:00,reactiveEnergy,7713.0
1772678415716,2026-03-05T02:40:15.716000+00:00,reactiveEnergy,7713.0
1772678416717,2026-03-05T02:40:16.717000+00:00,reactiveEnergy,7713.0
1772678417717,2026-03-05T02:40:17.717000+00:00,reactiveEnergy,7713.0
1772678418717,2026-03-05T02:40:18.717000+00:00,reactiveEnergy,7713.0
1772678419717,2026-03-05T02:40:19.717000+00:00,reactiveEnergy,7713.0
1772678420717,2026-03-05T02:40:20.717000+00:00,reactiveEnergy,7713.0
1772678421717,2026-03-05T02:40:21.717000+00:00,reactiveEnergy,7713.0
1772678427728,2026-03-05T02:40:27.728000+00:00,reactiveEnergy,7713.0
1772678434671,2026-03-05T02:40:34.671000+00:00,reactiveEnergy,7713.0
1772678434721,2026-03-05T02:40:34.721000+00:00,reactiveEnergy,7713.0
1772678435722,2026-03-05T02:40:35.722000+00:00,reactiveEnergy,7713.0
1772678436723,2026-03-05T02:40:36.723000+00:00,reactiveEnergy,7713.0
1772678437724,2026-03-05T02:40:37.724000+00:00,reactiveEnergy,7713.0
1772678438725,2026-03-05T02:40:38.725000+00:00,reactiveEnergy,7713.0
1772678439726,2026-03-05T02:40:39.726000+00:00,reactiveEnergy,7713.0
1772678440728,2026-03-05T02:40:40.728000+00:00,reactiveEnergy,7713.0
1772678448185,2026-03-05T02:40:48.185000+00:00,reactiveEnergy,7713.0
1772678448229,2026-03-05T02:40:48.229000+00:00,reactiveEnergy,7713.0
1772678448674,2026-03-05T02:40:48.674000+00:00,reactiveEnergy,7713.0
1772678496672,2026-03-05T02:41:36.672000+00:00,reactiveEnergy,7713.0
1772678496775,2026-03-05T02:41:36.775000+00:00,reactiveEnergy,7713.0
1772678497776,2026-03-05T02:41:37.776000+00:00,reactiveEnergy,7713.0
1772678498776,2026-03-05T02:41:38.776000+00:00,reactiveEnergy,7713.0
1772678499776,2026-03-05T02:41:39.776000+00:00,reactiveEnergy,7713.0
1772678500776,2026-03-05T02:41:40.776000+00:00,reactiveEnergy,7713.0
1772678501776,2026-03-05T02:41:41.776000+00:00,reactiveEnergy,7713.0
1772678509458,2026-03-05T02:41:49.458000+00:00,reactiveEnergy,7713.0
1772678509476,2026-03-05T02:41:49.476000+00:00,reactiveEnergy,7713.0
1772678510476,2026-03-05T02:41:50.476000+00:00,reactiveEnergy,7713.0
1772678518328,2026-03-05T02:41:58.328000+00:00,reactiveEnergy,7713.0
1772678518375,2026-03-05T02:41:58.375000+00:00,reactiveEnergy,7713.0
1772678519375,2026-03-05T02:41:59.375000+00:00,reactiveEnergy,7713.0
1772678520376,2026-03-05T02:42:00.376000+00:00,reactiveEnergy,7713.0
1772678521376,2026-03-05T02:42:01.376000+00:00,reactiveEnergy,7713.0
1772678522376,2026-03-05T02:42:02.376000+00:00,reactiveEnergy,7713.0
1772678523376,2026-03-05T02:42:03.376000+00:00,reactiveEnergy,7713.0
1772678524376,2026-03-05T02:42:04.376000+00:00,reactiveEnergy,7713.0
1772678525376,2026-03-05T02:42:05.376000+00:00,reactiveEnergy,7713.0
1772678526376,2026-03-05T02:42:06.376000+00:00,reactiveEnergy,7713.0
1772678527376,2026-03-05T02:42:07.376000+00:00,reactiveEnergy,7713.0
1772678534257,2026-03-05T02:42:14.257000+00:00,reactiveEnergy,7713.0
1772678534276,2026-03-05T02:42:14.276000+00:00,reactiveEnergy,7713.0
1772678535277,2026-03-05T02:42:15.277000+00:00,reactiveEnergy,7713.0
1772678536277,2026-03-05T02:42:16.277000+00:00,reactiveEnergy,7713.0
1772678537277,2026-03-05T02:42:17.277000+00:00,reactiveEnergy,7713.0
1772678241019,2026-03-05T02:37:21.019000+00:00,apparentEnergy,505849.0
1772678241068,2026-03-05T02:37:21.068000+00:00,apparentEnergy,505849.0
1772678248277,2026-03-05T02:37:28.277000+00:00,apparentEnergy,505849.0
1772678248370,2026-03-05T02:37:28.370000+00:00,apparentEnergy,505849.0
1772678249371,2026-03-05T02:37:29.371000+00:00,apparentEnergy,505849.0
1772678250372,2026-03-05T02:37:30.372000+00:00,apparentEnergy,505849.0
1772678251373,2026-03-05T02:37:31.373000+00:00,apparentEnergy,505849.0
1772678272441,2026-03-05T02:37:52.441000+00:00,apparentEnergy,505849.0
1772678272475,2026-03-05T02:37:52.475000+00:00,apparentEnergy,505849.0
1772678280836,2026-03-05T02:38:00.836000+00:00,apparentEnergy,505849.0
1772678287089,2026-03-05T02:38:07.089000+00:00,apparentEnergy,505849.0
1772678292593,2026-03-05T02:38:12.593000+00:00,apparentEnergy,505850.0
1772678292678,2026-03-05T02:38:12.678000+00:00,apparentEnergy,505850.0
1772678293680,2026-03-05T02:38:13.680000+00:00,apparentEnergy,505850.0
1772678294680,2026-03-05T02:38:14.680000+00:00,apparentEnergy,505850.0
1772678295680,2026-03-05T02:38:15.680000+00:00,apparentEnergy,505850.0
1772678296682,2026-03-05T02:38:16.682000+00:00,apparentEnergy,505850.0
1772678297683,2026-03-05T02:38:17.683000+00:00,apparentEnergy,505850.0
1772678298684,2026-03-05T02:38:18.684000+00:00,apparentEnergy,505850.0
1772678299684,2026-03-05T02:38:19.684000+00:00,apparentEnergy,505850.0
1772678300686,2026-03-05T02:38:20.686000+00:00,apparentEnergy,505850.0
1772678301687,2026-03-05T02:38:21.687000+00:00,apparentEnergy,505850.0
1772678309497,2026-03-05T02:38:29.497000+00:00,apparentEnergy,505850.0
1772678309588,2026-03-05T02:38:29.588000+00:00,apparentEnergy,505850.0
1772678310590,2026-03-05T02:38:30.590000+00:00,apparentEnergy,505850.0
1772678311590,2026-03-05T02:38:31.590000+00:00,apparentEnergy,505850.0
1772678330959,2026-03-05T02:38:50.959000+00:00,apparentEnergy,505850.0
1772678330993,2026-03-05T02:38:50.993000+00:00,apparentEnergy,505850.0
1772678331994,2026-03-05T02:38:51.994000+00:00,apparentEnergy,505850.0
1772678348371,2026-03-05T02:39:08.371000+00:00,apparentEnergy,505850.0
1772678348403,2026-03-05T02:39:08.403000+00:00,apparentEnergy,505850.0
1772678349398,2026-03-05T02:39:09.398000+00:00,apparentEnergy,505850.0
1772678350399,2026-03-05T02:39:10.399000+00:00,apparentEnergy,505850.0
1772678351400,2026-03-05T02:39:11.400000+00:00,apparentEnergy,505850.0
1772678352401,2026-03-05T02:39:12.401000+00:00,apparentEnergy,505850.0
1772678353402,2026-03-05T02:39:13.402000+00:00,apparentEnergy,505850.0
1772678354403,2026-03-05T02:39:14.403000+00:00,apparentEnergy,505850.0
1772678355405,2026-03-05T02:39:15.405000+00:00,apparentEnergy,505850.0
1772678356405,2026-03-05T02:39:16.405000+00:00,apparentEnergy,505850.0
1772678364103,2026-03-05T02:39:24.103000+00:00,apparentEnergy,505850.0
1772678364207,2026-03-05T02:39:24.207000+00:00,apparentEnergy,505850.0
1772678371756,2026-03-05T02:39:31.756000+00:00,apparentEnergy,505850.0
1772678378622,2026-03-05T02:39:38.622000+00:00,apparentEnergy,505850.0
1772678378710,2026-03-05T02:39:38.710000+00:00,apparentEnergy,505850.0
1772678379711,2026-03-05T02:39:39.711000+00:00,apparentEnergy,505850.0
1772678380712,2026-03-05T02:39:40.712000+00:00,apparentEnergy,505850.0
1772678381713,2026-03-05T02:39:41.713000+00:00,apparentEnergy,505850.0
1772678382714,2026-03-05T02:39:42.714000+00:00,apparentEnergy,505850.0
1772678390875,2026-03-05T02:39:50.875000+00:00,apparentEnergy,505850.0
1772678396621,2026-03-05T02:39:56.621000+00:00,apparentEnergy,505850.0
1772678396717,2026-03-05T02:39:56.717000+00:00,apparentEnergy,505850.0
1772678397718,2026-03-05T02:39:57.718000+00:00,apparentEnergy,505850.0
1772678406040,2026-03-05T02:40:06.040000+00:00,apparentEnergy,505850.0
1772678406120,2026-03-05T02:40:06.120000+00:00,apparentEnergy,505851.0
1772678407121,2026-03-05T02:40:07.121000+00:00,apparentEnergy,505851.0
1772678413454,2026-03-05T02:40:13.454000+00:00,apparentEnergy,505851.0
1772678413523,2026-03-05T02:40:13.523000+00:00,apparentEnergy,505851.0
1772678414524,2026-03-05T02:40:14.524000+00:00,apparentEnergy,505851.0
1772678415525,2026-03-05T02:40:15.525000+00:00,apparentEnergy,505851.0
1772678416526,2026-03-05T02:40:16.526000+00:00,apparentEnergy,505851.0
1772678417527,2026-03-05T02:40:17.527000+00:00,apparentEnergy,505851.0
1772678418528,2026-03-05T02:40:18.528000+00:00,apparentEnergy,505851.0
1772678419529,2026-03-05T02:40:19.529000+00:00,apparentEnergy,505851.0
1772678420530,2026-03-05T02:40:20.530000+00:00,apparentEnergy,505851.0
1772678421531,2026-03-05T02:40:21.531000+00:00,apparentEnergy,505851.0
1772678422532,2026-03-05T02:40:22.532000+00:00,apparentEnergy,505851.0
1772678423533,2026-03-05T02:40:23.533000+00:00,apparentEnergy,505851.0
1772678424534,2026-03-05T02:40:24.534000+00:00,apparentEnergy,505851.0
1772678425535,2026-03-05T02:40:25.535000+00:00,apparentEnergy,505851.0
1772678426536,2026-03-05T02:40:26.536000+00:00,apparentEnergy,505851.0
1772678427537,2026-03-05T02:40:27.537000+00:00,apparentEnergy,505851.0
1772678434217,2026-03-05T02:40:34.217000+00:00,apparentEnergy,505851.0
1772678434239,2026-03-05T02:40:34.239000+00:00,apparentEnergy,505851.0
1772678435240,2026-03-05T02:40:35.240000+00:00,apparentEnergy,505851.0
1772678436241,2026-03-05T02:40:36.241000+00:00,apparentEnergy,505851.0
1772678449667,2026-03-05T02:40:49.667000+00:00,apparentEnergy,505851.0
1772678450671,2026-03-05T02:40:50.671000+00:00,apparentEnergy,505851.0
1772678457697,2026-03-05T02:40:57.697000+00:00,apparentEnergy,505851.0
1772678457769,2026-03-05T02:40:57.769000+00:00,apparentEnergy,505851.0
1772678458770,2026-03-05T02:40:58.770000+00:00,apparentEnergy,505851.0
1772678465100,2026-03-05T02:41:05.100000+00:00,apparentEnergy,505851.0
1772678465172,2026-03-05T02:41:05.172000+00:00,apparentEnergy,505851.0
1772678466173,2026-03-05T02:41:06.173000+00:00,apparentEnergy,505851.0
1772678467174,2026-03-05T02:41:07.174000+00:00,apparentEnergy,505851.0
1772678468175,2026-03-05T02:41:08.175000+00:00,apparentEnergy,505851.0
1772678469175,2026-03-05T02:41:09.175000+00:00,apparentEnergy,505851.0
1772678470176,2026-03-05T02:41:10.176000+00:00,apparentEnergy,505851.0
1772678471175,2026-03-05T02:41:11.175000+00:00,apparentEnergy,505851.0
1772678472175,2026-03-05T02:41:12.175000+00:00,apparentEnergy,505851.0
1772678473175,2026-03-05T02:41:13.175000+00:00,apparentEnergy,505851.0
1772678474175,2026-03-05T02:41:14.175000+00:00,apparentEnergy,505851.0
1772678481441,2026-03-05T02:41:21.441000+00:00,apparentEnergy,505851.0
1772678481475,2026-03-05T02:41:21.475000+00:00,apparentEnergy,505851.0
1772678482475,2026-03-05T02:41:22.475000+00:00,apparentEnergy,505851.0
1772678483475,2026-03-05T02:41:23.475000+00:00,apparentEnergy,505851.0
1772678484475,2026-03-05T02:41:24.475000+00:00,apparentEnergy,505851.0
1772678485475,2026-03-05T02:41:25.475000+00:00,apparentEnergy,505851.0
1772678486475,2026-03-05T02:41:26.475000+00:00,apparentEnergy,505851.0
1772678487475,2026-03-05T02:41:27.475000+00:00,apparentEnergy,505851.0
1772678488475,2026-03-05T02:41:28.475000+00:00,apparentEnergy,505851.0
1772678495444,2026-03-05T02:41:35.444000+00:00,apparentEnergy,505851.0
1772678495475,2026-03-05T02:41:35.475000+00:00,apparentEnergy,505851.0
1772678496475,2026-03-05T02:41:36.475000+00:00,apparentEnergy,505851.0
1772678497476,2026-03-05T02:41:37.476000+00:00,apparentEnergy,505851.0
1772678503963,2026-03-05T02:41:43.963000+00:00,apparentEnergy,505851.0
1772678504076,2026-03-05T02:41:44.076000+00:00,apparentEnergy,505851.0
1772678505076,2026-03-05T02:41:45.076000+00:00,apparentEnergy,505851.0
1772678506076,2026-03-05T02:41:46.076000+00:00,apparentEnergy,505851.0
1772678507076,2026-03-05T02:41:47.076000+00:00,apparentEnergy,505851.0
1772678508076,2026-03-05T02:41:48.076000+00:00,apparentEnergy,505852.0
1772678509076,2026-03-05T02:41:49.076000+00:00,apparentEnergy,505852.0
1772678242004,2026-03-05T02:37:22.004000+00:00,frequency,60.019999999999996
1772678260517,2026-03-05T02:37:40.517000+00:00,frequency,60.019999999999996
1772678275895,2026-03-05T02:37:55.895000+00:00,frequency,60.019999999999996
1772678275953,2026-03-05T02:37:55.953000+00:00,frequency,60.019999999999996
1772678276954,2026-03-05T02:37:56.954000+00:00,frequency,60.019999999999996
1772678277955,2026-03-05T02:37:57.955000+00:00,frequency,60.019999999999996
1772678286193,2026-03-05T02:38:06.193000+00:00,frequency,60.019999999999996
1772678286252,2026-03-05T02:38:06.252000+00:00,frequency,60.019999999999996
1772678287253,2026-03-05T02:38:07.253000+00:00,frequency,60.019999999999996
1772678288253,2026-03-05T02:38:08.253000+00:00,frequency,60.019999999999996
1772678289253,2026-03-05T02:38:09.253000+00:00,frequency,60.019999999999996
1772678297355,2026-03-05T02:38:17.355000+00:00,frequency,60.019999999999996
1772678297455,2026-03-05T02:38:17.455000+00:00,frequency,60.019999999999996
1772678298455,2026-03-05T02:38:18.455000+00:00,frequency,60.019999999999996
1772678305536,2026-03-05T02:38:25.536000+00:00,frequency,60.019999999999996
1772678310630,2026-03-05T02:38:30.630000+00:00,frequency,60.019999999999996
1772678310657,2026-03-05T02:38:30.657000+00:00,frequency,60.019999999999996
1772678311658,2026-03-05T02:38:31.658000+00:00,frequency,60.019999999999996
1772678312658,2026-03-05T02:38:32.658000+00:00,frequency,60.019999999999996
1772678313657,2026-03-05T02:38:33.657000+00:00,frequency,60.019999999999996
1772678314657,2026-03-05T02:38:34.657000+00:00,frequency,60.019999999999996
1772678315657,2026-03-05T02:38:35.657000+00:00,frequency,60.019999999999996
1772678316659,2026-03-05T02:38:36.659000+00:00,frequency,60.019999999999996
1772678317659,2026-03-05T02:38:37.659000+00:00,frequency,60.019999999999996
1772678318659,2026-03-05T02:38:38.659000+00:00,frequency,60.019999999999996
1772678327122,2026-03-05T02:38:47.122000+00:00,frequency,60.019999999999996
1772678349594,2026-03-05T02:39:09.594000+00:00,frequency,60.019999999999996
1772678349660,2026-03-05T02:39:09.660000+00:00,frequency,60.019999999999996
1772678350661,2026-03-05T02:39:10.661000+00:00,frequency,60.019999999999996
1772678351661,2026-03-05T02:39:11.661000+00:00,frequency,60.019999999999996
1772678359248,2026-03-05T02:39:19.248000+00:00,frequency,60.019999999999996
1772678359362,2026-03-05T02:39:19.362000+00:00,frequency,60.019999999999996
1772678360362,2026-03-05T02:39:20.362000+00:00,frequency,60.019999999999996
1772678367244,2026-03-05T02:39:27.244000+00:00,frequency,60.019999999999996
1772678367263,2026-03-05T02:39:27.263000+00:00,frequency,60.019999999999996
1772678368263,2026-03-05T02:39:28.263000+00:00,frequency,60.019999999999996
1772678369263,2026-03-05T02:39:29.263000+00:00,frequency,60.019999999999996
1772678370263,2026-03-05T02:39:30.263000+00:00,frequency,60.019999999999996
1772678371263,2026-03-05T02:39:31.263000+00:00,frequency,60.019999999999996
1772678372263,2026-03-05T02:39:32.263000+00:00,frequency,60.019999999999996
1772678373263,2026-03-05T02:39:33.263000+00:00,frequency,60.019999999999996
1772678374263,2026-03-05T02:39:34.263000+00:00,frequency,60.019999999999996
1772678375263,2026-03-05T02:39:35.263000+00:00,frequency,60.019999999999996
1772678376264,2026-03-05T02:39:36.264000+00:00,frequency,60.019999999999996
1772678377263,2026-03-05T02:39:37.263000+00:00,frequency,60.019999999999996
1772678378263,2026-03-05T02:39:38.263000+00:00,frequency,60.019999999999996
1772678379263,2026-03-05T02:39:39.263000+00:00,frequency,60.019999999999996
1772678380263,2026-03-05T02:39:40.263000+00:00,frequency,60.019999999999996
1772678381263,2026-03-05T02:39:41.263000+00:00,frequency,60.019999999999996
1772678382264,2026-03-05T02:39:42.264000+00:00,frequency,60.019999999999996
1772678383265,2026-03-05T02:39:43.265000+00:00,frequency,60.019999999999996
1772678384266,2026-03-05T02:39:44.266000+00:00,frequency,60.019999999999996
1772678385267,2026-03-05T02:39:45.267000+00:00,frequency,60.019999999999996
1772678393411,2026-03-05T02:39:53.411000+00:00,frequency,60.019999999999996
1772678393468,2026-03-05T02:39:53.468000+00:00,frequency,60.019999999999996
1772678400868,2026-03-05T02:40:00.868000+00:00,frequency,60.019999999999996
1772678400975,2026-03-05T02:40:00.975000+00:00,frequency,60.019999999999996
1772678401970,2026-03-05T02:40:01.970000+00:00,frequency,60.019999999999996
1772678402971,2026-03-05T02:40:02.971000+00:00,frequency,60.019999999999996
1772678403972,2026-03-05T02:40:03.972000+00:00,frequency,60.019999999999996
1772678404973,2026-03-05T02:40:04.973000+00:00,frequency,60.019999999999996
1772678405974,2026-03-05T02:40:05.974000+00:00,frequency,60.019999999999996
1772678406975,2026-03-05T02:40:06.975000+00:00,frequency,60.019999999999996
1772678407976,2026-03-05T02:40:07.976000+00:00,frequency,60.019999999999996
1772678415611,2026-03-05T02:40:15.611000+00:00,frequency,60.019999999999996
1772678415678,2026-03-05T02:40:15.678000+00:00,frequency,60.019999999999996
1772678416679,2026-03-05T02:40:16.679000+00:00,frequency,60.019999999999996
1772678417680,2026-03-05T02:40:17.680000+00:00,frequency,60.019999999999996
1772678418681,2026-03-05T02:40:18.681000+00:00,frequency,60.019999999999996
1772678419682,2026-03-05T02:40:19.682000+00:00,frequency,60.019999999999996
1772678420683,2026-03-05T02:40:20.683000+00:00,frequency,60.019999999999996
1772678421684,2026-03-05T02:40:21.684000+00:00,frequency,60.019999999999996
1772678422685,2026-03-05T02:40:22.685000+00:00,frequency,60.019999999999996
1772678423686,2026-03-05T02:40:23.686000+00:00,frequency,60.019999999999996
1772678424687,2026-03-05T02:40:24.687000+00:00,frequency,60.019999999999996
1772678425688,2026-03-05T02:40:25.688000+00:00,frequency,60.019999999999996
1772678426689,2026-03-05T02:40:26.689000+00:00,frequency,60.019999999999996
1772678427690,2026-03-05T02:40:27.690000+00:00,frequency,60.019999999999996
1772678428691,2026-03-05T02:40:28.691000+00:00,frequency,60.019999999999996
1772678429692,2026-03-05T02:40:29.692000+00:00,frequency,60.019999999999996
1772678430693,2026-03-05T02:40:30.693000+00:00,frequency,60.019999999999996
1772678431694,2026-03-05T02:40:31.694000+00:00,frequency,60.019999999999996
1772678432695,2026-03-05T02:40:32.695000+00:00,frequency,60.019999999999996
1772678433696,2026-03-05T02:40:33.696000+00:00,frequency,60.019999999999996
1772678434698,2026-03-05T02:40:34.698000+00:00,frequency,60.019999999999996
1772678435699,2026-03-05T02:40:35.699000+00:00,frequency,60.019999999999996
1772678436700,2026-03-05T02:40:36.700000+00:00,frequency,60.019999999999996
1772678437701,2026-03-05T02:40:37.701000+00:00,frequency,60.019999999999996
1772678438702,2026-03-05T02:40:38.702000+00:00,frequency,60.019999999999996
1772678439703,2026-03-05T02:40:39.703000+00:00,frequency,60.019999999999996
1772678440703,2026-03-05T02:40:40.703000+00:00,frequency,60.019999999999996
1772678447239,2026-03-05T02:40:47.239000+00:00,frequency,60.019999999999996
1772678447304,2026-03-05T02:40:47.304000+00:00,frequency,60.019999999999996
1772678448305,2026-03-05T02:40:48.305000+00:00,frequency,60.019999999999996
1772678448619,2026-03-05T02:40:48.619000+00:00,frequency,60.019999999999996
1772678449618,2026-03-05T02:40:49.618000+00:00,frequency,60.019999999999996
1772678450618,2026-03-05T02:40:50.618000+00:00,frequency,60.019999999999996
1772678457904,2026-03-05T02:40:57.904000+00:00,frequency,60.019999999999996
1772678457923,2026-03-05T02:40:57.923000+00:00,frequency,60.019999999999996
1772678458924,2026-03-05T02:40:58.924000+00:00,frequency,60.019999999999996
1772678459925,2026-03-05T02:40:59.925000+00:00,frequency,60.019999999999996
1772678460926,2026-03-05T02:41:00.926000+00:00,frequency,60.019999999999996
1772678477722,2026-03-05T02:41:17.722000+00:00,frequency,60.019999999999996
1772678477828,2026-03-05T02:41:17.828000+00:00,frequency,60.019999999999996
1772678478829,2026-03-05T02:41:18.829000+00:00,frequency,60.019999999999996
1772678479830,2026-03-05T02:41:19.830000+00:00,frequency,60.019999999999996
1772678480831,2026-03-05T02:41:20.831000+00:00,frequency,60.019999999999996
1772678481832,2026-03-05T02:41:21.832000+00:00,frequency,60.019999999999996
1772678482833,2026-03-05T02:41:22.833000+00:00,frequency,60.019999999999996
1772678489229,2026-03-05T02:41:29.229000+00:00,frequency,60.019999999999996
1772678489334,2026-03-05T02:41:29.334000+00:00,frequency,60.019999999999996
1772678490334,2026-03-05T02:41:30.334000+00:00,frequency,60.019999999999996
1772678491335,2026-03-05T02:41:31.335000+00:00,frequency,60.019999999999996
1772678492336,2026-03-05T02:41:32.336000+00:00,frequency,60.019999999999996
1772678493336,2026-03-05T02:41:33.336000+00:00,frequency,60.019999999999996
1772678494336,2026-03-05T02:41:34.336000+00:00,frequency,60.019999999999996
1772678495337,2026-03-05T02:41:35.337000+00:00,frequency,60.019999999999996
1772678503377,2026-03-05T02:41:43.377000+00:00,frequency,60.019999999999996
1772678244104,2026-03-05T02:37:24.104000+00:00,radioSignalStrength,-88
1772678250212,2026-03-05T02:37:30.212000+00:00,radioSignalStrength,-88
1772678250244,2026-03-05T02:37:30.244000+00:00,radioSignalStrength,-86
1772678251245,2026-03-05T02:37:31.245000+00:00,radioSignalStrength,-86
1772678252245,2026-03-05T02:37:32.245000+00:00,radioSignalStrength,-86
1772678253245,2026-03-05T02:37:33.245000+00:00,radioSignalStrength,-86
1772678254246,2026-03-05T02:37:34.246000+00:00,radioSignalStrength,-86
1772678255246,2026-03-05T02:37:35.246000+00:00,radioSignalStrength,-86
1772678256246,2026-03-05T02:37:36.246000+00:00,radioSignalStrength,-86
1772678257246,2026-03-05T02:37:37.246000+00:00,radioSignalStrength,-86
1772678277369,2026-03-05T02:37:57.369000+00:00,radioSignalStrength,-86
1772678277447,2026-03-05T02:37:57.447000+00:00,radioSignalStrength,-87
1772678278448,2026-03-05T02:37:58.448000+00:00,radioSignalStrength,-84
1772678279449,2026-03-05T02:37:59.449000+00:00,radioSignalStrength,-84
1772678280450,2026-03-05T02:38:00.450000+00:00,radioSignalStrength,-84
1772678281451,2026-03-05T02:38:01.451000+00:00,radioSignalStrength,-84
1772678282451,2026-03-05T02:38:02.451000+00:00,radioSignalStrength,-84
1772678283451,2026-03-05T02:38:03.451000+00:00,radioSignalStrength,-84
1772678284451,2026-03-05T02:38:04.451000+00:00,radioSignalStrength,-84
1772678285451,2026-03-05T02:38:05.451000+00:00,radioSignalStrength,-84
1772678286452,2026-03-05T02:38:06.452000+00:00,radioSignalStrength,-84
1772678287452,2026-03-05T02:38:07.452000+00:00,radioSignalStrength,-84
1772678293606,2026-03-05T02:38:13.606000+00:00,radioSignalStrength,-84
1772678293658,2026-03-05T02:38:13.658000+00:00,radioSignalStrength,-86
1772678294659,2026-03-05T02:38:14.659000+00:00,radioSignalStrength,-86
1772678302712,2026-03-05T02:38:22.712000+00:00,radioSignalStrength,-86
1772678302754,2026-03-05T02:38:22.754000+00:00,radioSignalStrength,-86
1772678303755,2026-03-05T02:38:23.755000+00:00,radioSignalStrength,-86
1772678304755,2026-03-05T02:38:24.755000+00:00,radioSignalStrength,-86
1772678305755,2026-03-05T02:38:25.755000+00:00,radioSignalStrength,-86
1772678306755,2026-03-05T02:38:26.755000+00:00,radioSignalStrength,-86
1772678307756,2026-03-05T02:38:27.756000+00:00,radioSignalStrength,-86
1772678308757,2026-03-05T02:38:28.757000+00:00,radioSignalStrength,-86
1772678309757,2026-03-05T02:38:29.757000+00:00,radioSignalStrength,-86
1772678310758,2026-03-05T02:38:30.758000+00:00,radioSignalStrength,-86
1772678311757,2026-03-05T02:38:31.757000+00:00,radioSignalStrength,-86
1772678312757,2026-03-05T02:38:32.757000+00:00,radioSignalStrength,-86
1772678313757,2026-03-05T02:38:33.757000+00:00,radioSignalStrength,-86
1772678314757,2026-03-05T02:38:34.757000+00:00,radioSignalStrength,-86
1772678315757,2026-03-05T02:38:35.757000+00:00,radioSignalStrength,-86
1772678316758,2026-03-05T02:38:36.758000+00:00,radioSignalStrength,-86
1772678317758,2026-03-05T02:38:37.758000+00:00,radioSignalStrength,-86
1772678326119,2026-03-05T02:38:46.119000+00:00,radioSignalStrength,-86
1772678326159,2026-03-05T02:38:46.159000+00:00,radioSignalStrength,-86
1772678327166,2026-03-05T02:38:47.166000+00:00,radioSignalStrength,-86
1772678328160,2026-03-05T02:38:48.160000+00:00,radioSignalStrength,-86
1772678329160,2026-03-05T02:38:49.160000+00:00,radioSignalStrength,-86
1772678336809,2026-03-05T02:38:56.809000+00:00,radioSignalStrength,-86
1772678336860,2026-03-05T02:38:56.860000+00:00,radioSignalStrength,-86
1772678337860,2026-03-05T02:38:57.860000+00:00,radioSignalStrength,-86
1772678338860,2026-03-05T02:38:58.860000+00:00,radioSignalStrength,-85
1772678345488,2026-03-05T02:39:05.488000+00:00,radioSignalStrength,-85
1772678345566,2026-03-05T02:39:05.566000+00:00,radioSignalStrength,-85
1772678346566,2026-03-05T02:39:06.566000+00:00,radioSignalStrength,-85
1772678364700,2026-03-05T02:39:24.700000+00:00,radioSignalStrength,-85
1772678364762,2026-03-05T02:39:24.762000+00:00,radioSignalStrength,-87
1772678383884,2026-03-05T02:39:43.884000+00:00,radioSignalStrength,-87
1772678383963,2026-03-05T02:39:43.963000+00:00,radioSignalStrength,-88
1772678384963,2026-03-05T02:39:44.963000+00:00,radioSignalStrength,-88
1772678391706,2026-03-05T02:39:51.706000+00:00,radioSignalStrength,-88
1772678391764,2026-03-05T02:39:51.764000+00:00,radioSignalStrength,-88
1772678392765,2026-03-05T02:39:52.765000+00:00,radioSignalStrength,-88
1772678393766,2026-03-05T02:39:53.766000+00:00,radioSignalStrength,-88
1772678394767,2026-03-05T02:39:54.767000+00:00,radioSignalStrength,-88
1772678401819,2026-03-05T02:40:01.819000+00:00,radioSignalStrength,-88
1772678401869,2026-03-05T02:40:01.869000+00:00,radioSignalStrength,-88
1772678402870,2026-03-05T02:40:02.870000+00:00,radioSignalStrength,-88
1772678403871,2026-03-05T02:40:03.871000+00:00,radioSignalStrength,-88
1772678404872,2026-03-05T02:40:04.872000+00:00,radioSignalStrength,-88
1772678405873,2026-03-05T02:40:05.873000+00:00,radioSignalStrength,-88
1772678406873,2026-03-05T02:40:06.873000+00:00,radioSignalStrength,-88
1772678414379,2026-03-05T02:40:14.379000+00:00,radioSignalStrength,-88
1772678414473,2026-03-05T02:40:14.473000+00:00,radioSignalStrength,-88
1772678415473,2026-03-05T02:40:15.473000+00:00,radioSignalStrength,-88
1772678416473,2026-03-05T02:40:16.473000+00:00,radioSignalStrength,-88
1772678417473,2026-03-05T02:40:17.473000+00:00,radioSignalStrength,-88
1772678418473,2026-03-05T02:40:18.473000+00:00,radioSignalStrength,-88
1772678419473,2026-03-05T02:40:19.473000+00:00,radioSignalStrength,-88
1772678420473,2026-03-05T02:40:20.473000+00:00,radioSignalStrength,-88
1772678427756,2026-03-05T02:40:27.756000+00:00,radioSignalStrength,-88
1772678427774,2026-03-05T02:40:27.774000+00:00,radioSignalStrength,-88
1772678428775,2026-03-05T02:40:28.775000+00:00,radioSignalStrength,-88
1772678429776,2026-03-05T02:40:29.776000+00:00,radioSignalStrength,-87
1772678430777,2026-03-05T02:40:30.777000+00:00,radioSignalStrength,-87
1772678448695,2026-03-05T02:40:48.695000+00:00,radioSignalStrength,-87
1772678449692,2026-03-05T02:40:49.692000+00:00,radioSignalStrength,-87
1772678450693,2026-03-05T02:40:50.693000+00:00,radioSignalStrength,-87
1772678451694,2026-03-05T02:40:51.694000+00:00,radioSignalStrength,-87
1772678452695,2026-03-05T02:40:52.695000+00:00,radioSignalStrength,-87
1772678453698,2026-03-05T02:40:53.698000+00:00,radioSignalStrength,-87
1772678454699,2026-03-05T02:40:54.699000+00:00,radioSignalStrength,-87
1772678455700,2026-03-05T02:40:55.700000+00:00,radioSignalStrength,-87
1772678456702,2026-03-05T02:40:56.702000+00:00,radioSignalStrength,-87
1772678457703,2026-03-05T02:40:57.703000+00:00,radioSignalStrength,-87
1772678458703,2026-03-05T02:40:58.703000+00:00,radioSignalStrength,-87
1772678459704,2026-03-05T02:40:59.704000+00:00,radioSignalStrength,-85
1772678460705,2026-03-05T02:41:00.705000+00:00,radioSignalStrength,-85
1772678461707,2026-03-05T02:41:01.707000+00:00,radioSignalStrength,-85
1772678462708,2026-03-05T02:41:02.708000+00:00,radioSignalStrength,-85
1772678463709,2026-03-05T02:41:03.709000+00:00,radioSignalStrength,-85
1772678464710,2026-03-05T02:41:04.710000+00:00,radioSignalStrength,-85
1772678465711,2026-03-05T02:41:05.711000+00:00,radioSignalStrength,-85
1772678466712,2026-03-05T02:41:06.712000+00:00,radioSignalStrength,-85
1772678467713,2026-03-05T02:41:07.713000+00:00,radioSignalStrength,-85
1772678483964,2026-03-05T02:41:23.964000+00:00,radioSignalStrength,-85
1772678484015,2026-03-05T02:41:24.015000+00:00,radioSignalStrength,-89
1772678485016,2026-03-05T02:41:25.016000+00:00,radioSignalStrength,-89
1772678493315,2026-03-05T02:41:33.315000+00:00,radioSignalStrength,-89
1772678493418,2026-03-05T02:41:33.418000+00:00,radioSignalStrength,-89
1772678494419,2026-03-05T02:41:34.419000+00:00,radioSignalStrength,-89
1772678495419,2026-03-05T02:41:35.419000+00:00,radioSignalStrength,-89
1772678496419,2026-03-05T02:41:36.419000+00:00,radioSignalStrength,-89
1772678497419,2026-03-05T02:41:37.419000+00:00,radioSignalStrength,-89
1772678498419,2026-03-05T02:41:38.419000+00:00,radioSignalStrength,-89
1772678499421,2026-03-05T02:41:39.421000+00:00,radioSignalStrength,-89
1772678535463,2026-03-05T02:42:15.463000+00:00,radioSignalStrength,-89
1772678535521,2026-03-05T02:42:15.521000+00:00,radioSignalStrength,-88
1772678536522,2026-03-05T02:42:16.522000+00:00,radioSignalStrength,-88
1772678537523,2026-03-05T02:42:17.523000+00:00,radioSignalStrength,-88
1772678538525,2026-03-05T02:42:18.525000+00:00,radioSignalStrength,-88
1772678241260,2026-03-05T02:37:21.260000+00:00,linkQuality,66
1772678241326,2026-03-05T02:37:21.326000+00:00,linkQuality,66
1772678242327,2026-03-05T02:37:22.327000+00:00,linkQuality,66
1772678243328,2026-03-05T02:37:23.328000+00:00,linkQuality,66
1772678244329,2026-03-05T02:37:24.329000+00:00,linkQuality,66
1772678260421,2026-03-05T02:37:40.421000+00:00,linkQuality,66
1772678260532,2026-03-05T02:37:40.532000+00:00,linkQuality,67
1772678261533,2026-03-05T02:37:41.533000+00:00,linkQuality,67
1772678262534,2026-03-05T02:37:42.534000+00:00,linkQuality,67
1772678270507,2026-03-05T02:37:50.507000+00:00,linkQuality,66
1772678277571,2026-03-05T02:37:57.571000+00:00,linkQuality,66
1772678277637,2026-03-05T02:37:57.637000+00:00,linkQuality,66
1772678278640,2026-03-05T02:37:58.640000+00:00,linkQuality,67
1772678279639,2026-03-05T02:37:59.639000+00:00,linkQuality,67
1772678280640,2026-03-05T02:38:00.640000+00:00,linkQuality,67
1772678281642,2026-03-05T02:38:01.642000+00:00,linkQuality,67
1772678282642,2026-03-05T02:38:02.642000+00:00,linkQuality,67
1772678283643,2026-03-05T02:38:03.643000+00:00,linkQuality,67
1772678284644,2026-03-05T02:38:04.644000+00:00,linkQuality,67
1772678285645,2026-03-05T02:38:05.645000+00:00,linkQuality,67
1772678286646,2026-03-05T02:38:06.646000+00:00,linkQuality,67
1772678287647,2026-03-05T02:38:07.647000+00:00,linkQuality,67
1772678288648,2026-03-05T02:38:08.648000+00:00,linkQuality,67
1772678289649,2026-03-05T02:38:09.649000+00:00,linkQuality,67
1772678290650,2026-03-05T02:38:10.650000+00:00,linkQuality,67
1772678291651,2026-03-05T02:38:11.651000+00:00,linkQuality,67
1772678292652,2026-03-05T02:38:12.652000+00:00,linkQuality,67
1772678293653,2026-03-05T02:38:13.653000+00:00,linkQuality,66
1772678294654,2026-03-05T02:38:14.654000+00:00,linkQuality,66
1772678295654,2026-03-05T02:38:15.654000+00:00,linkQuality,66
1772678296653,2026-03-05T02:38:16.653000+00:00,linkQuality,66
1772678297654,2026-03-05T02:38:17.654000+00:00,linkQuality,66
1772678298654,2026-03-05T02:38:18.654000+00:00,linkQuality,66
1772678299654,2026-03-05T02:38:19.654000+00:00,linkQuality,66
1772678306823,2026-03-05T02:38:26.823000+00:00,linkQuality,66
1772678314004,2026-03-05T02:38:34.004000+00:00,linkQuality,66
1772678314057,2026-03-05T02:38:34.057000+00:00,linkQuality,67
1772678315057,2026-03-05T02:38:35.057000+00:00,linkQuality,67
1772678316057,2026-03-05T02:38:36.057000+00:00,linkQuality,67
1772678317058,2026-03-05T02:38:37.058000+00:00,linkQuality,67
1772678318058,2026-03-05T02:38:38.058000+00:00,linkQuality,67
1772678319058,2026-03-05T02:38:39.058000+00:00,linkQuality,67
1772678320058,2026-03-05T02:38:40.058000+00:00,linkQuality,67
1772678321058,2026-03-05T02:38:41.058000+00:00,linkQuality,67
1772678322059,2026-03-05T02:38:42.059000+00:00,linkQuality,67
1772678323059,2026-03-05T02:38:43.059000+00:00,linkQuality,67
1772678324059,2026-03-05T02:38:44.059000+00:00,linkQuality,66
1772678325059,2026-03-05T02:38:45.059000+00:00,linkQuality,66
1772678326059,2026-03-05T02:38:46.059000+00:00,linkQuality,66
1772678333383,2026-03-05T02:38:53.383000+00:00,linkQuality,66
1772678333460,2026-03-05T02:38:53.460000+00:00,linkQuality,66
1772678341475,2026-03-05T02:39:01.475000+00:00,linkQuality,66
1772678341560,2026-03-05T02:39:01.560000+00:00,linkQuality,67
1772678342560,2026-03-05T02:39:02.560000+00:00,linkQuality,67
1772678343560,2026-03-05T02:39:03.560000+00:00,linkQuality,67
1772678344560,2026-03-05T02:39:04.560000+00:00,linkQuality,67
1772678345560,2026-03-05T02:39:05.560000+00:00,linkQuality,67
1772678346560,2026-03-05T02:39:06.560000+00:00,linkQuality,67
1772678347560,2026-03-05T02:39:07.560000+00:00,linkQuality,67
1772678353688,2026-03-05T02:39:13.688000+00:00,linkQuality,67
1772678353761,2026-03-05T02:39:13.761000+00:00,linkQuality,66
1772678354762,2026-03-05T02:39:14.762000+00:00,linkQuality,66
1772678355762,2026-03-05T02:39:15.762000+00:00,linkQuality,66
1772678356764,2026-03-05T02:39:16.764000+00:00,linkQuality,66
1772678357770,2026-03-05T02:39:17.770000+00:00,linkQuality,66
1772678358764,2026-03-05T02:39:18.764000+00:00,linkQuality,66
1772678359764,2026-03-05T02:39:19.764000+00:00,linkQuality,66
1772678360764,2026-03-05T02:39:20.764000+00:00,linkQuality,66
1772678361764,2026-03-05T02:39:21.764000+00:00,linkQuality,66
1772678362769,2026-03-05T02:39:22.769000+00:00,linkQuality,66
1772678363771,2026-03-05T02:39:23.771000+00:00,linkQuality,66
1772678364767,2026-03-05T02:39:24.767000+00:00,linkQuality,66
1772678365769,2026-03-05T02:39:25.769000+00:00,linkQuality,66
1772678366767,2026-03-05T02:39:26.767000+00:00,linkQuality,66
1772678367768,2026-03-05T02:39:27.768000+00:00,linkQuality,66
1772678368784,2026-03-05T02:39:28.784000+00:00,linkQuality,67
1772678369770,2026-03-05T02:39:29.770000+00:00,linkQuality,67
1772678370771,2026-03-05T02:39:30.771000+00:00,linkQuality,67
1772678371772,2026-03-05T02:39:31.772000+00:00,linkQuality,67
1772678372773,2026-03-05T02:39:32.773000+00:00,linkQuality,67
1772678373774,2026-03-05T02:39:33.774000+00:00,linkQuality,67
1772678390756,2026-03-05T02:39:50.756000+00:00,linkQuality,67
1772678390776,2026-03-05T02:39:50.776000+00:00,linkQuality,66
1772678391778,2026-03-05T02:39:51.778000+00:00,linkQuality,66
1772678392780,2026-03-05T02:39:52.780000+00:00,linkQuality,66
1772678393781,2026-03-05T02:39:53.781000+00:00,linkQuality,66
1772678394783,2026-03-05T02:39:54.783000+00:00,linkQuality,66
1772678400969,2026-03-05T02:40:00.969000+00:00,linkQuality,66
1772678401084,2026-03-05T02:40:01.084000+00:00,linkQuality,34
1772678402086,2026-03-05T02:40:02.086000+00:00,linkQuality,34
1772678403086,2026-03-05T02:40:03.086000+00:00,linkQuality,34
1772678404087,2026-03-05T02:40:04.087000+00:00,linkQuality,34
1772678411131,2026-03-05T02:40:11.131000+00:00,linkQuality,34
1772678411189,2026-03-05T02:40:11.189000+00:00,linkQuality,34
1772678412190,2026-03-05T02:40:12.190000+00:00,linkQuality,34
1772678413191,2026-03-05T02:40:13.191000+00:00,linkQuality,34
1772678414192,2026-03-05T02:40:14.192000+00:00,linkQuality,33
1772678415193,2026-03-05T02:40:15.193000+00:00,linkQuality,33
1772678416194,2026-03-05T02:40:16.194000+00:00,linkQuality,33
1772678417195,2026-03-05T02:40:17.195000+00:00,linkQuality,33
1772678424043,2026-03-05T02:40:24.043000+00:00,linkQuality,33
1772678424097,2026-03-05T02:40:24.097000+00:00,linkQuality,33
1772678425099,2026-03-05T02:40:25.099000+00:00,linkQuality,33
1772678426099,2026-03-05T02:40:26.099000+00:00,linkQuality,33
1772678427100,2026-03-05T02:40:27.100000+00:00,linkQuality,33
1772678428102,2026-03-05T02:40:28.102000+00:00,linkQuality,33
1772678429157,2026-03-05T02:40:29.157000+00:00,linkQuality,67
1772678430104,2026-03-05T02:40:30.104000+00:00,linkQuality,67
1772678431105,2026-03-05T02:40:31.105000+00:00,linkQuality,67
1772678432106,2026-03-05T02:40:32.106000+00:00,linkQuality,67
1772678433107,2026-03-05T02:40:33.107000+00:00,linkQuality,67
1772678434108,2026-03-05T02:40:34.108000+00:00,linkQuality,67
1772678435108,2026-03-05T02:40:35.108000+00:00,linkQuality,67
1772678436110,2026-03-05T02:40:36.110000+00:00,linkQuality,67
1772678437111,2026-03-05T02:40:37.111000+00:00,linkQuality,67
1772678438112,2026-03-05T02:40:38.112000+00:00,linkQuality,67
1772678439113,2026-03-05T02:40:39.113000+00:00,linkQuality,67
1772678440113,2026-03-05T02:40:40.113000+00:00,linkQuality,67
1772678441114,2026-03-05T02:40:41.114000+00:00,linkQuality,67
1772678442116,2026-03-05T02:40:42.116000+00:00,linkQuality,67
1772678448650,2026-03-05T02:40:48.650000+00:00,linkQuality,66
1772678449650,2026-03-05T02:40:49.650000+00:00,linkQuality,66
1772678450657,2026-03-05T02:40:50.657000+00:00,linkQuality,66
1772678451651,2026-03-05T02:40:51.651000+00:00,linkQuality,66
1772678452652,2026-03-05T02:40:52.652000+00:00,linkQuality,66
1772678453653,2026-03-05T02:40:53.653000+00:00,linkQuality,66
1772678454653,2026-03-05T02:40:54.653000+00:00,linkQuality,66
1772678455654,2026-03-05T02:40:55.654000+00:00,linkQuality,66
1772678456656,2026-03-05T02:40:56.656000+00:00,linkQuality,66
1772678457656,2026-03-05T02:40:57.656000+00:00,linkQuality,66
1772678458658,2026-03-05T02:40:58.658000+00:00,linkQuality,66
1772678459658,2026-03-05T02:40:59.658000+00:00,linkQuality,67
1772678477643,2026-03-05T02:41:17.643000+00:00,linkQuality,67
1772678477660,2026-03-05T02:41:17.660000+00:00,linkQuality,66
1772678484868,2026-03-05T02:41:24.868000+00:00,linkQuality,66
1772678484962,2026-03-05T02:41:24.962000+00:00,linkQuality,66
1772678493160,2026-03-05T02:41:33.160000+00:00,linkQuality,66
1772678493264,2026-03-05T02:41:33.264000+00:00,linkQuality,34
1772678494265,2026-03-05T02:41:34.265000+00:00,linkQuality,34
1772678495266,2026-03-05T02:41:35.266000+00:00,linkQuality,34
1772678496267,2026-03-05T02:41:36.267000+00:00,linkQuality,34
1772678497268,2026-03-05T02:41:37.268000+00:00,linkQuality,34
1772678503302,2026-03-05T02:41:43.302000+00:00,linkQuality,34
1772678509656,2026-03-05T02:41:49.656000+00:00,linkQuality,34
1772678509771,2026-03-05T02:41:49.771000+00:00,linkQuality,33
1772678510772,2026-03-05T02:41:50.772000+00:00,linkQuality,33
1772678511773,2026-03-05T02:41:51.773000+00:00,linkQuality,33
1772678535026,2026-03-05T02:42:15.026000+00:00,linkQuality,33
1772678535075,2026-03-05T02:42:15.075000+00:00,linkQuality,33
1772678536076,2026-03-05T02:42:16.076000+00:00,linkQuality,33
1772678537076,2026-03-05T02:42:17.076000+00:00,linkQuality,33
1772678538076,2026-03-05T02:42:18.076000+00:00,linkQuality,33
